graph_id,c_ids,total_nodes,pct_matched
DB08842_MESH_D000544_1,"['PUBCHEM.COMPOUND:7045767', 'GO:0007271', 'GO:0035249', 'GO:0005947', 'GO:0004129', 'CHEBI:26519', 'UMLS:C0132173', 'GO:0018393', 'GO:0006979', 'HP:0025464', 'GO:0007613', 'CHEBI:64645', 'EFO:0005816', 'PR:000010173', 'GO:0014055', 'GO:0061535', 'GO:0150076', 'MONDO:0001152', 'CHEBI:60425', 'HP:0002185', 'MONDO:0004975']",20,100.0
DB00193_MESH_D010003_1,"['PUBCHEM.COMPOUND:33741', 'NCBIGene:4988', 'NCBIGene:111', 'NCBIGene:3767', 'GO:0070509', 'GO:1990793', 'GO:0061535', 'GO:0099610', 'CL:0000198', 'NCBIGene:6530', 'GO:0051620', 'PUBCHEM.COMPOUND:439260', 'GO:0061533', 'NCBIGene:6532', 'GO:0051610', 'PUBCHEM.COMPOUND:5202', 'GO:0060096', 'GO:0019233', 'HP:0012531', 'MONDO:0005178']",20,100.0
DB00193_MESH_D059350_1,"['PUBCHEM.COMPOUND:33741', 'NCBIGene:4988', 'NCBIGene:111', 'NCBIGene:3767', 'GO:0070509', 'GO:1990793', 'GO:0061535', 'GO:0099610', 'CL:0000198', 'NCBIGene:6530', 'GO:0051620', 'PUBCHEM.COMPOUND:439260', 'GO:0061533', 'NCBIGene:6532', 'GO:0051610', 'PUBCHEM.COMPOUND:5202', 'GO:0060096', 'GO:0019233', 'HP:0012532']",19,100.0
DB00193_MESH_D010146_2,"['PUBCHEM.COMPOUND:33741', 'NCBIGene:4988', 'NCBIGene:111', 'NCBIGene:3767', 'GO:0070509', 'GO:1990793', 'GO:0061535', 'GO:0099610', 'CL:0000198', 'NCBIGene:6530', 'GO:0051620', 'PUBCHEM.COMPOUND:439260', 'GO:0061533', 'NCBIGene:6532', 'GO:0051610', 'PUBCHEM.COMPOUND:5202', 'GO:0060096', 'GO:0019233', 'HP:0012531']",19,100.0
DB08922_MESH_D012559_1,"['PUBCHEM.COMPOUND:115368', 'NCBIGene:3356', 'NCBIGene:1813', 'NCBIGene:3350', 'GO:0014046', 'GO:0014047', 'GO:0004952', 'PUBCHEM.COMPOUND:681', 'UBERON:0009834', 'UBERON:0001910', 'HP:0100543', 'HP:0030213', 'HP:0012154', 'HP:0002465', 'HP:0000741', 'MONDO:0005485', 'MONDO:0011918', 'MONDO:0005090']",18,100.0
DB01394_MESH_D006073_1,"['PUBCHEM.COMPOUND:6167', 'NCBIGene:203068', 'GO:1990266', 'GO:0016176', 'GO:0030593', 'GO:0007266', 'REACT:R-HSA-844456', 'GO:0046785', 'CL:0000775', 'CL:0000576', 'GO:0045087', 'GO:0070942', 'GO:0006919', 'NCBIGene:3553', 'GO:0006954', 'HP:0005059', 'MONDO:0005393']",17,100.0
DB01394_MESH_D010505_1,"['PUBCHEM.COMPOUND:6167', 'NCBIGene:203068', 'GO:1990266', 'GO:0016176', 'GO:0030593', 'GO:0007266', 'REACT:R-HSA-844456', 'GO:0046785', 'CL:0000775', 'CL:0000576', 'GO:0045087', 'GO:0070942', 'GO:0007266', 'GO:0006919', 'NCBIGene:3553', 'GO:0006954', 'MONDO:0018088']",17,100.0
DB00972_MESH_D065631_1,"['PUBCHEM.COMPOUND:2267', 'NCBIGene:3269', 'NCBIGene:3274', 'NCBIGene:5319', 'NCBIGene:4056', 'GO:0001821', 'GO:0019370', 'CHEBI:25029', 'GO:0043303', 'PUBCHEM.COMPOUND:36511', 'PUBCHEM.COMPOUND:439201', 'UBERON:0000176', 'HP:0025095', 'HP:0000989', 'GO:0006954', 'MONDO:0011786']",16,100.0
DB00972_MESH_D006255_1,"['PUBCHEM.COMPOUND:2267', 'NCBIGene:3269', 'NCBIGene:3274', 'NCBIGene:5319', 'NCBIGene:4056', 'GO:0001821', 'GO:0019370', 'CHEBI:25029', 'GO:0043303', 'PUBCHEM.COMPOUND:36511', 'PUBCHEM.COMPOUND:439201', 'UBERON:0000176', 'HP:0025095', 'HP:0000989', 'GO:0006954', 'MONDO:0005324']",16,100.0
DB01014_MESH_D003093_1,"['UNII:P80AL8J7ZP', 'PUBCHEM.COMPOUND:4075', 'NCBIGene:5742', 'NCBIGene:5743', 'NCBIGene:240', 'NCBIGene:5468', 'NCBIGene:1147', 'NCBIGene:3551', 'GO:0007249', 'REACT:R-HSA-2142691', 'REACT:R-HSA-2162123', 'REACT:R-HSA-1169091', 'GO:0006954', 'UBERON:0001052', 'UBERON:0001155', 'MONDO:0005101']",16,100.0
DB00579_MESH_D009765_1,"['PUBCHEM.COMPOUND:4020', 'NCBIGene:6530', 'GO:0051620', 'NCBIGene:6531', 'GO:0090494', 'NCBIGene:6531', 'NCBIGene:6532', 'GO:0051610', 'PUBCHEM.COMPOUND:439260', 'PUBCHEM.COMPOUND:5202', 'PUBCHEM.COMPOUND:681', 'GO:0061527', 'GO:0061533', 'GO:0060096', 'HP:0002591', 'MONDO:0011122']",16,100.0
DB06204_MESH_D010146_1,"['PUBCHEM.COMPOUND:9838022', 'NCBIGene:4988', 'NCBIGene:111', 'NCBIGene:3767', 'GO:0070509', 'GO:1990793', 'GO:0061535', 'GO:0099610', 'CL:0000198', 'NCBIGene:6530', 'GO:0051620', 'PUBCHEM.COMPOUND:439260', 'GO:0061533', 'GO:0019233', 'HP:0012531']",15,100.0
DB00331_MESH_D003924_1,"['PUBCHEM.COMPOUND:4091', 'NCBIGene:2110', 'GO:0042775', 'GO:0001951', 'MONDO:0002909', 'GO:0004679', 'PUBCHEM.COMPOUND:6083', 'GO:0042132', 'GO:0006094', 'MONDO:0002909', 'GO:0009331', 'GO:0004346', 'UMLS:C0166441', 'GO:0004611', 'MONDO:0005148']",15,100.0
DB00611_MESH_D048949_1,"['PUBCHEM.COMPOUND:5361092', 'NCBIGene:4986', 'NCBIGene:4988', 'NCBIGene:4985', 'REACT:R-HSA-372790', 'NCBIGene:111', 'PUBCHEM.COMPOUND:6076', 'NCBIGene:3767', 'GO:0070509', 'GO:0060081', 'GO:1990793', 'GO:0061535', 'GO:0099610', 'CL:0000198', 'NCIT:C92821']",15,100.0
DB00611_MESH_D010146_1,"['PUBCHEM.COMPOUND:5361092', 'NCBIGene:4986', 'NCBIGene:4988', 'NCBIGene:4985', 'REACT:R-HSA-372790', 'NCBIGene:111', 'PUBCHEM.COMPOUND:6076', 'NCBIGene:3767', 'GO:0070509', 'GO:0060081', 'GO:1990793', 'GO:0061535', 'GO:0099610', 'CL:0000198', 'HP:0012531']",15,100.0
DB06148_MESH_D003865_1,"['PUBCHEM.COMPOUND:4184', 'NCBIGene:3356', 'NCBIGene:3358', 'NCBIGene:6530', 'NCBIGene:150', 'NCBIGene:152', 'NCBIGene:3269', 'PUBCHEM.COMPOUND:439260', 'GO:0051620', 'GO:0023041', 'PUBCHEM.COMPOUND:5202', 'GO:0032099', 'MONDO:0011918', 'HP:0002360', 'MONDO:0002009']",15,100.0
DB05219_MESH_D003876_1,"['PUBCHEM.COMPOUND:44591583', 'NCBIGene:5141', 'NCBIGene:5142', 'NCBIGene:5143', 'NCBIGene:5144', 'GO:0006198', 'GO:0032680', 'GO:0032674', 'GO:0032663', 'GO:0032673', 'GO:0032649', 'GO:0006955', 'GO:0006954', 'MONDO:0011292']",14,100.0
DB06144_MESH_D012559_1,"['PUBCHEM.COMPOUND:60149', 'NCBIGene:1813', 'NCBIGene:3356', 'NCBIGene:3358', 'NCBIGene:148', 'NCBIGene:146', 'NCBIGene:147', 'GO:0014046', 'GO:0014047', 'GO:0004952', 'UBERON:0001910', 'MONDO:0005485', 'HP:0002071', 'MONDO:0005090']",14,100.0
DB01041_MESH_D009101_1,"['PUBCHEM.COMPOUND:5426', 'NCBIGene:7124', 'NCBIGene:7422', 'NCBIGene:51185', 'GO:0016567', 'GO:0051301', 'GO:0001525', 'GO:0008283', 'GO:0032635', 'GO:0006954', 'CHEBI:26523', 'UMLS:C3893307', 'GO:0002534', 'MONDO:0009693']",14,100.0
DB09102_MESH_D019698_1,"['PUBCHEM.COMPOUND:25154714', 'CHEMBL.TARGET:CHEMBL3307224', 'GO:0003968', 'GO:0039694', 'MESH:C000618292', 'MESH:C037178', 'PUBCHEM.COMPOUND:5997', 'MESH:D000086969', 'GO:0004197', 'GO:0004252', 'UMLS:C0042774', 'UMLS:C0282629', 'NCBITaxon:11103', 'MONDO:0005354']",14,100.0
DB00797_MESH_D002561_1,"['PUBCHEM.COMPOUND:5504', 'NCBIGene:3269', 'NCBIGene:3274', 'NCBIGene:148', 'NCBIGene:150', 'NCBIGene:151', 'NCBIGene:152', 'REACT:R-HSA-416476', 'REACT:R-HSA-416482', 'REACT:R-HSA-418594', 'REACT:R-HSA-418597', 'GO:0042310', 'GO:0042311', 'MONDO:0011057']",14,100.0
DB00240_MESH_D008179_1,"['PUBCHEM.COMPOUND:636374', 'MESH:D016207', 'EFO:0003786', 'PUBCHEM.COMPOUND:774', 'NCBIGene:2908', 'CHV:0000014299', 'PathWhiz.ProteinComplex:13360', 'PR:000012798', 'GO:0006954', 'HP:0000969', 'HP:0010783', 'HP:0040189', 'MONDO:0021036', 'MONDO:0006610', 'CHEBI:25029', 'MONDO:0019558']",14,100.0
DB01224_MESH_D012559_1,"['PUBCHEM.COMPOUND:25058200', 'NCBIGene:3356', 'NCBIGene:1813', 'GO:0014046', 'PUBCHEM.COMPOUND:681', 'UBERON:0009834', 'UBERON:0001910', 'HP:0100543', 'HP:0030213', 'HP:0012154', 'HP:0002465', 'HP:0000741', 'MONDO:0005485', 'MONDO:0005090']",14,100.0
DB01209_MESH_D010146_1,"['PUBCHEM.COMPOUND:3033053', 'NCBIGene:4988', 'NCBIGene:4986', 'REACT:R-HSA-372790', 'NCBIGene:111', 'PUBCHEM.COMPOUND:6076', 'NCBIGene:3767', 'GO:0070509', 'GO:0060081', 'GO:1990793', 'GO:0061535', 'GO:0099610', 'CL:0000198', 'HP:0012531']",14,100.0
DB09296_MESH_D019698_1,"['PUBCHEM.COMPOUND:54767916', 'CHEMBL.TARGET:CHEMBL3307224', 'GO:0003968', 'GO:0039694', 'MESH:C000618292', 'MESH:C037178', 'PUBCHEM.COMPOUND:5997', 'MESH:D000086969', 'GO:0004197', 'GO:0004252', 'UMLS:C0042774', 'UMLS:C0282629', 'NCBITaxon:11103', 'MONDO:0005354']",14,100.0
DB11613_MESH_D019698_1,"['PUBCHEM.COMPOUND:67683363', 'CHEMBL.TARGET:CHEMBL3307224', 'GO:0003968', 'GO:0039694', 'MESH:C000618292', 'MESH:C037178', 'PUBCHEM.COMPOUND:5997', 'MESH:D000086969', 'GO:0004197', 'GO:0004252', 'UMLS:C0042774', 'UMLS:C0282629', 'NCBITaxon:11103', 'MONDO:0005354']",14,100.0
DB00813_MESH_D010146_1,"['PUBCHEM.COMPOUND:3345', 'NCBIGene:4988', 'NCBIGene:4985', 'REACT:R-HSA-372790', 'NCBIGene:111', 'PUBCHEM.COMPOUND:6076', 'NCBIGene:3767', 'GO:0070509', 'GO:0060081', 'GO:1990793', 'GO:0061535', 'GO:0099610', 'CL:0000198', 'HP:0012531']",14,100.0
DB00647_MESH_D010146_1,"['PUBCHEM.COMPOUND:10100', 'NCBIGene:4988', 'NCBIGene:4985', 'REACT:R-HSA-372790', 'NCBIGene:111', 'PUBCHEM.COMPOUND:6076', 'NCBIGene:3767', 'GO:0070509', 'GO:0060081', 'GO:1990793', 'GO:0061535', 'GO:0099610', 'CL:0000198', 'HP:0012531']",14,100.0
DB01356_MESH_D001714_1,"['PUBCHEM.COMPOUND:11125', 'UniProtKB:P29218', 'UMLS:C1327143', 'PUBCHEM.COMPOUND:892', 'GO:0043647', 'GO:0014047', 'PR:000008288', 'HP:0000713', 'GO:0061534', 'GO:0061527', 'GO:0004972', 'UNII:61LJO5I15S', 'MONDO:0004985']",13,100.0
DB01255_MESH_D001289_1,"['PUBCHEM.COMPOUND:11597698', 'PUBCHEM.COMPOUND:5826', 'NCBIGene:6530', 'GO:0051620', 'PUBCHEM.COMPOUND:439260', 'NCBIGene:6531', 'GO:0051583', 'PUBCHEM.COMPOUND:681', 'GO:0061527', 'NCBIGene:6571', 'GO:0015842', 'GO:0061533', 'MONDO:0005302']",13,100.0
DB00799_MESH_D000152_1,"['PUBCHEM.COMPOUND:5381', 'NCBIGene:5914', 'NCBIGene:5915', 'NCBIGene:6257', 'NCBIGene:5916', 'UMLS:C0524626', 'UMLS:C1676737', 'MESH:D020782', 'NCBIGene:1956', 'GO:0006954', 'HP:0025249', 'REACT:R-HSA-181438', 'MONDO:0011438']",13,100.0
DB00635_MESH_D012713_1,"['PUBCHEM.COMPOUND:5865', 'PUBCHEM.COMPOUND:5755', 'NCBIGene:2908', 'NCBIGene:301', 'NCBIGene:5321', 'NCBIGene:5742', 'NCBIGene:5743', 'GO:0019370', 'GO:0001516', 'GO:0006954', 'MONDO:0005492', 'HP:0002829', 'MONDO:0043789']",13,100.0
DB00635_MESH_D013716_1,"['PUBCHEM.COMPOUND:5865', 'PUBCHEM.COMPOUND:5755', 'NCBIGene:2908', 'NCBIGene:301', 'NCBIGene:5321', 'NCBIGene:5742', 'NCBIGene:5743', 'GO:0019370', 'GO:0001516', 'GO:0006954', 'HP:0012531', 'HP:0100261', 'MONDO:0001875']",13,100.0
DB05676_MESH_D015535_1,"['PUBCHEM.COMPOUND:11561674', 'NCBIGene:5141', 'NCBIGene:5142', 'NCBIGene:5143', 'NCBIGene:5144', 'GO:0006198', 'PUBCHEM.COMPOUND:6076', 'GO:0032680', 'NCBIGene:4843', 'GO:0032627', 'GO:0032613', 'GO:0006954', 'MONDO:0011849']",13,100.0
DB00694_MESH_D007948_1,"['PUBCHEM.COMPOUND:30323', 'GO:0001207', 'GO:0009299', 'NCBIGene:7153', 'NCBIGene:7155', 'GO:0032993', 'CHEBI:26519', 'UMLS:C0012860', 'GO:0006260', 'HP:0031377', 'GO:0006915', 'GO:0140014', 'MONDO:0007896']",13,100.0
DB00242_MESH_D020529_1,"['PUBCHEM.COMPOUND:20279', 'PUBCHEM.COMPOUND:452857', 'NCBIGene:6240', 'NCBIGene:50484', 'NCBIGene:6241', 'NCBIGene:5422', 'UniProtKB:P56282', 'NCBIGene:54107', 'UniProtKB:Q9NR33', 'GO:0006260', 'GO:0046651', 'PUBCHEM.COMPOUND:44135672', 'MONDO:0005314']",13,100.0
DB00277_MESH_D000080445_1,"['PUBCHEM.COMPOUND:2153', 'UMLS:C0001471', 'MESH:D015106', 'MESH:D015105', 'NCBIGene:3066', 'GO:0016575', 'GO:0006198', 'GO:0019933', 'GO:0006954', 'GO:0044557', 'UMLS:C0079043', 'PUBCHEM.COMPOUND:6076', 'UMLS:C4038730']",13,100.0
DB00277_MESH_D001249_1,"['PUBCHEM.COMPOUND:2153', 'UMLS:C0001471', 'MESH:D015106', 'MESH:D015105', 'NCBIGene:3066', 'GO:0016575', 'GO:0006198', 'GO:0019933', 'GO:0006954', 'GO:0044557', 'UMLS:C0079043', 'PUBCHEM.COMPOUND:6076', 'MONDO:0004979']",13,100.0
DB00741_MESH_D011538_1,"['PUBCHEM.COMPOUND:5754', 'PUBCHEM.COMPOUND:5744', 'NCBIGene:2908', 'NCBIGene:301', 'NCBIGene:5321', 'NCBIGene:5742', 'NCBIGene:5743', 'GO:0019370', 'GO:0001516', 'GO:0006954', 'HP:0000989', 'UBERON:0001245', 'UMLS:C0033775']",13,100.0
DB00277_MESH_D001986_1,"['PUBCHEM.COMPOUND:2153', 'UMLS:C0001471', 'MESH:D015106', 'MESH:D015105', 'NCBIGene:3066', 'GO:0016575', 'GO:0006198', 'GO:0019933', 'GO:0006954', 'GO:0044557', 'UMLS:C0079043', 'PUBCHEM.COMPOUND:6076', 'MONDO:0001358']",13,100.0
DB00741_MESH_D012713_1,"['PUBCHEM.COMPOUND:5754', 'PUBCHEM.COMPOUND:5744', 'NCBIGene:2908', 'NCBIGene:301', 'NCBIGene:5321', 'NCBIGene:5742', 'NCBIGene:5743', 'GO:0019370', 'GO:0001516', 'GO:0006954', 'MONDO:0005492', 'HP:0002829', 'MONDO:0043789']",13,100.0
DB00741_MESH_D052256_1,"['PUBCHEM.COMPOUND:5754', 'PUBCHEM.COMPOUND:219121', 'NCBIGene:2908', 'NCBIGene:301', 'NCBIGene:5321', 'NCBIGene:5742', 'NCBIGene:5743', 'GO:0019370', 'GO:0001516', 'GO:0006954', 'HP:0012531', 'UBERON:0000043', 'MONDO:0100010']",13,100.0
DB00242_MESH_D007943_1,"['PUBCHEM.COMPOUND:20279', 'PUBCHEM.COMPOUND:452857', 'NCBIGene:6240', 'NCBIGene:50484', 'NCBIGene:6241', 'NCBIGene:5422', 'UniProtKB:P56282', 'NCBIGene:54107', 'UniProtKB:Q9NR33', 'GO:0006260', 'HP:0031378', 'PUBCHEM.COMPOUND:44135672', 'MONDO:0018935']",13,100.0
DB08890_MESH_D043183_1,"['PUBCHEM.COMPOUND:16158208', 'NCBIGene:2984', 'GO:0006182', 'GO:0015701', 'GO:0006821', 'GO:0006833', 'UBERON:0002466', 'GO:0120054', 'UBERON:0001800', 'UBERON:0025525', 'HP:0030895', 'HP:0012531', 'MONDO:0005052']",13,100.0
DB00480_MESH_D020522_1,"['PUBCHEM.COMPOUND:216326', 'GO:0001525', 'NCBIGene:51185', 'NCBIGene:10320', 'NCBIGene:22806', 'GO:0042098', 'GO:0030101', 'GO:0006915', 'GO:0071349', 'NCBIGene:7124', 'GO:0071347', 'GO:0071354', 'MONDO:0018876']",13,100.0
DB00599_MESH_D011559_1,"['PUBCHEM.COMPOUND:23665410', 'NCBIGene:2554', 'NCBIGene:2555', 'NCBIGene:2556', 'NCBIGene:2557', 'NCBIGene:2558', 'NCBIGene:2559', 'GO:0022851', 'GO:0060081', 'GO:0019228', 'CL:0000198', 'HP:0012531', 'MONDO:0009468']",13,100.0
DB04842_MESH_D012559_1,"['PUBCHEM.COMPOUND:3396', 'NCBIGene:1813', 'GO:0014046', 'PUBCHEM.COMPOUND:681', 'UBERON:0009834', 'UBERON:0001910', 'HP:0100543', 'HP:0030213', 'HP:0012154', 'HP:0002465', 'HP:0000741', 'MONDO:0005485', 'MONDO:0005090']",13,100.0
DB00668_MESH_D000707_1,"['PUBCHEM.COMPOUND:5816', 'NCBIGene:148', 'NCBIGene:147', 'NCBIGene:146', 'NCBIGene:154', 'REACT:R-HSA-416476', 'REACT:R-HSA-416482', 'REACT:R-HSA-418555', 'GO:0042310', 'MONDO:0005492', 'GO:0006939', 'GO:0002553', 'MONDO:0100053']",13,100.0
DB00694_MESH_D004915_1,"['PUBCHEM.COMPOUND:30323', 'GO:0001207', 'GO:0009299', 'NCBIGene:7153', 'NCBIGene:7155', 'GO:0032993', 'CHEBI:26519', 'UMLS:C0012860', 'GO:0006260', 'HP:0031377', 'GO:0006915', 'GO:0140014', 'MONDO:0017858']",13,100.0
DB01349_MESH_D006973_1,"['PUBCHEM.COMPOUND:60919', 'PUBCHEM.COMPOUND:54693559', 'NCBIGene:185', 'REACT:R-HSA-2022377', 'GO:0003092', 'GO:0070294', 'HP:0032263', 'GO:0042310', 'GO:0035932', 'GO:0003095', 'UBERON:0001235', 'MONDO:0005044', 'MONDO:0005044']",13,100.0
DB00635_MESH_D016410_1,"['PUBCHEM.COMPOUND:5865', 'PUBCHEM.COMPOUND:5755', 'NCBIGene:2908', 'NCBIGene:301', 'NCBIGene:5321', 'NCBIGene:5742', 'NCBIGene:5743', 'GO:0019370', 'GO:0001516', 'GO:0006954', 'MONDO:0006547', 'HP:0000989', 'MONDO:0000607']",13,100.0
DB00480_MESH_D009101_1,"['PUBCHEM.COMPOUND:216326', 'GO:0001525', 'NCBIGene:51185', 'NCBIGene:10320', 'NCBIGene:22806', 'GO:0042098', 'GO:0030101', 'GO:0006915', 'GO:0071349', 'NCBIGene:7124', 'GO:0071347', 'GO:0071354', 'MONDO:0009693']",13,100.0
DB00327_MESH_D010146_1,"['PUBCHEM.COMPOUND:5284570', 'NCBIGene:4988', 'REACT:R-HSA-372790', 'NCBIGene:111', 'PUBCHEM.COMPOUND:6076', 'NCBIGene:3767', 'GO:0070509', 'GO:0060081', 'GO:1990793', 'GO:0061535', 'GO:0099610', 'CL:0000198', 'HP:0012531']",13,100.0
DB00694_MESH_D015470_1,"['PUBCHEM.COMPOUND:30323', 'GO:0001207', 'GO:0009299', 'NCBIGene:7153', 'NCBIGene:7155', 'GO:0032993', 'CHEBI:26519', 'UMLS:C0012860', 'GO:0006260', 'HP:0031377', 'GO:0006915', 'GO:0140014', 'MONDO:0018874']",13,100.0
DB00635_MESH_D009103_1,"['PUBCHEM.COMPOUND:5865', 'PUBCHEM.COMPOUND:5755', 'NCBIGene:2908', 'NCBIGene:301', 'NCBIGene:5321', 'NCBIGene:5742', 'NCBIGene:5743', 'GO:0019370', 'GO:0001516', 'GO:0006954', 'HP:0003401', 'MONDO:0000437', 'MONDO:0005301']",13,100.0
DB00694_MESH_D012514_1,"['PUBCHEM.COMPOUND:30323', 'GO:0001207', 'GO:0009299', 'NCBIGene:7153', 'NCBIGene:7155', 'GO:0032993', 'CHEBI:26519', 'UMLS:C0012860', 'GO:0006260', 'HP:0031377', 'GO:0006915', 'GO:0140014', 'MONDO:0005055']",13,100.0
DB01268_MESH_D002292_2,"['CHEMBL.COMPOUND:CHEMBL4861567', 'PUBCHEM.COMPOUND:5329102', 'PUBCHEM.COMPOUND:29927231', 'NCBIGene:5159', 'NCBIGene:2321', 'NCBIGene:3815', 'NCBIGene:3791', 'NCBIGene:2324', 'NCBIGene:2322', 'NCBIGene:1436', 'NCBIGene:5156', 'GO:0008284', 'GO:0045766', 'CL:0001064', 'MONDO:0005086']",13,100.0
DB01268_MESH_D046152_2,"['CHEMBL.COMPOUND:CHEMBL4861567', 'PUBCHEM.COMPOUND:5329102', 'PUBCHEM.COMPOUND:29927231', 'NCBIGene:5159', 'NCBIGene:2321', 'NCBIGene:3815', 'NCBIGene:3791', 'NCBIGene:2324', 'NCBIGene:2322', 'NCBIGene:1436', 'NCBIGene:5156', 'GO:0008284', 'GO:0045766', 'CL:0001064', 'MONDO:0011719']",13,100.0
DB00694_MESH_D015473_1,"['PUBCHEM.COMPOUND:30323', 'GO:0001207', 'GO:0009299', 'NCBIGene:7153', 'NCBIGene:7155', 'GO:0032993', 'CHEBI:26519', 'UMLS:C0012860', 'GO:0006260', 'HP:0031377', 'GO:0006915', 'GO:0140014', 'MONDO:0012883']",13,100.0
DB00741_MESH_D065631_1,"['PUBCHEM.COMPOUND:5754', 'PUBCHEM.COMPOUND:5744', 'NCBIGene:2908', 'NCBIGene:301', 'NCBIGene:5321', 'NCBIGene:5742', 'NCBIGene:5743', 'GO:0019370', 'GO:0001516', 'GO:0006954', 'UBERON:0001826', 'MONDO:0011786']",12,100.0
DB00741_MESH_D006484_1,"['PUBCHEM.COMPOUND:5754', 'PUBCHEM.COMPOUND:5744', 'NCBIGene:2908', 'NCBIGene:301', 'NCBIGene:5321', 'NCBIGene:5742', 'NCBIGene:5743', 'GO:0019370', 'GO:0001516', 'GO:0006954', 'UBERON:0000159', 'MONDO:0004872']",12,100.0
DB00741_MESH_D008180_1,"['PUBCHEM.COMPOUND:5754', 'PUBCHEM.COMPOUND:5744', 'NCBIGene:2908', 'NCBIGene:301', 'NCBIGene:5321', 'NCBIGene:5742', 'NCBIGene:5743', 'GO:0019370', 'GO:0001516', 'GO:0006954', 'MONDO:0007179', 'MONDO:0007915']",12,100.0
DB00741_MESH_D008228_1,"['PUBCHEM.COMPOUND:5754', 'PUBCHEM.COMPOUND:219121', 'NCBIGene:2908', 'NCBIGene:301', 'NCBIGene:5321', 'NCBIGene:5742', 'NCBIGene:5743', 'GO:0019370', 'GO:0001516', 'GO:0006954', 'MONDO:0005157', 'MONDO:0018908']",12,100.0
DB00741_MESH_D016410_1,"['PUBCHEM.COMPOUND:5754', 'NCBIGene:2908', 'NCBIGene:301', 'NCBIGene:5321', 'NCBIGene:5742', 'NCBIGene:5743', 'GO:0019370', 'GO:0001516', 'GO:0006954', 'MONDO:0006547', 'HP:0000989', 'MONDO:0000607']",12,100.0
DB00741_MESH_D009103_1,"['PUBCHEM.COMPOUND:5754', 'NCBIGene:2908', 'NCBIGene:301', 'NCBIGene:5321', 'NCBIGene:5742', 'NCBIGene:5743', 'GO:0019370', 'GO:0001516', 'GO:0006954', 'HP:0003401', 'MONDO:0000437', 'MONDO:0005301']",12,100.0
DB00420_MESH_D017118_1,"['PUBCHEM.COMPOUND:4926', 'NCBIGene:1813', 'NCBIGene:3356', 'NCBIGene:3269', 'GO:0014046', 'GO:0001820', 'GO:0001821', 'PUBCHEM.COMPOUND:681', 'PUBCHEM.COMPOUND:5202', 'PUBCHEM.COMPOUND:774', 'HP:0002018', 'MONDO:0008294']",12,100.0
DB00741_MESH_D013966_1,"['PUBCHEM.COMPOUND:5754', 'PUBCHEM.COMPOUND:219121', 'NCBIGene:2908', 'NCBIGene:301', 'NCBIGene:5321', 'NCBIGene:5742', 'NCBIGene:5743', 'GO:0019370', 'GO:0001516', 'GO:0006954', 'UBERON:0002046', 'MONDO:0004126']",12,100.0
DB00741_MESH_D009140_1,"['PUBCHEM.COMPOUND:5754', 'PUBCHEM.COMPOUND:219121', 'NCBIGene:2908', 'NCBIGene:301', 'NCBIGene:5321', 'NCBIGene:5742', 'NCBIGene:5743', 'GO:0019370', 'GO:0001516', 'GO:0006954', 'HP:0012531', 'MONDO:0002081']",12,100.0
DB00418_MESH_D004827_1,"['PUBCHEM.COMPOUND:5193', 'NCBIGene:2554', 'NCBIGene:2555', 'NCBIGene:2556', 'NCBIGene:2557', 'NCBIGene:2558', 'NCBIGene:2559', 'GO:0022851', 'GO:0060081', 'GO:0019228', 'GO:0050806', 'MONDO:0005027']",12,100.0
DB00741_MESH_D009182_1,"['PUBCHEM.COMPOUND:5754', 'PUBCHEM.COMPOUND:5744', 'NCBIGene:2908', 'NCBIGene:301', 'NCBIGene:5321', 'NCBIGene:5742', 'NCBIGene:5743', 'GO:0019370', 'GO:0001516', 'GO:0006954', 'MONDO:0006547', 'MONDO:0009691']",12,100.0
DB00741_MESH_D011015_1,"['PUBCHEM.COMPOUND:5754', 'PUBCHEM.COMPOUND:219121', 'NCBIGene:2908', 'NCBIGene:301', 'NCBIGene:5321', 'NCBIGene:5742', 'NCBIGene:5743', 'GO:0019370', 'GO:0001516', 'GO:0006954', 'UBERON:0002048', 'MONDO:0000265']",12,100.0
DB00741_MESH_D010032_1,"['PUBCHEM.COMPOUND:5754', 'NCBIGene:2908', 'NCBIGene:301', 'NCBIGene:5321', 'NCBIGene:5742', 'NCBIGene:5743', 'GO:0019370', 'GO:0001516', 'GO:0006954', 'HP:0012531', 'HP:0000989', 'MONDO:0004795']",12,100.0
DB00741_MESH_D013585_1,"['PUBCHEM.COMPOUND:5754', 'PUBCHEM.COMPOUND:219121', 'NCBIGene:2908', 'NCBIGene:301', 'NCBIGene:5321', 'NCBIGene:5742', 'NCBIGene:5743', 'GO:0019370', 'GO:0001516', 'GO:0006954', 'UBERON:0002018', 'MONDO:0002400']",12,100.0
DB00741_MESH_D010392_1,"['PUBCHEM.COMPOUND:5754', 'PUBCHEM.COMPOUND:5744', 'NCBIGene:2908', 'NCBIGene:301', 'NCBIGene:5321', 'NCBIGene:5742', 'NCBIGene:5743', 'GO:0019370', 'GO:0001516', 'GO:0006954', 'HP:0008066', 'MONDO:0006594']",12,100.0
DB00418_MESH_D013226_1,"['PUBCHEM.COMPOUND:5193', 'NCBIGene:2554', 'NCBIGene:2555', 'NCBIGene:2556', 'NCBIGene:2557', 'NCBIGene:2558', 'NCBIGene:2559', 'GO:0022851', 'GO:0060081', 'GO:0019228', 'GO:0050806', 'MONDO:0002125']",12,100.0
DB00741_MESH_D011565_1,"['PUBCHEM.COMPOUND:5754', 'PUBCHEM.COMPOUND:219121', 'NCBIGene:2908', 'NCBIGene:301', 'NCBIGene:5321', 'NCBIGene:5742', 'NCBIGene:5743', 'GO:0019370', 'GO:0001516', 'GO:0006954', 'MONDO:0002406', 'MONDO:0005083']",12,100.0
DB01174_MESH_D014653_1,"['PUBCHEM.COMPOUND:4763', 'NCBIGene:2554', 'NCBIGene:2555', 'NCBIGene:2556', 'NCBIGene:2557', 'NCBIGene:2558', 'NCBIGene:2559', 'GO:0022851', 'GO:0060081', 'GO:0019228', 'GO:0050806', 'UMLS:C0042376']",12,100.0
DB00741_MESH_D003873_1,"['PUBCHEM.COMPOUND:5754', 'PUBCHEM.COMPOUND:219121', 'NCBIGene:2908', 'NCBIGene:301', 'NCBIGene:5321', 'NCBIGene:5742', 'NCBIGene:5743', 'GO:0019370', 'GO:0001516', 'GO:0006954', 'MONDO:0002406', 'MONDO:0043233']",12,100.0
DB00741_MESH_D005076_1,"['PUBCHEM.COMPOUND:5754', 'PUBCHEM.COMPOUND:219121', 'NCBIGene:2908', 'NCBIGene:301', 'NCBIGene:5321', 'NCBIGene:5742', 'NCBIGene:5743', 'GO:0019370', 'GO:0001516', 'GO:0006954', 'MONDO:0006547', 'MONDO:0006547']",12,100.0
DB00741_MESH_D003874_1,"['PUBCHEM.COMPOUND:5754', 'PUBCHEM.COMPOUND:219121', 'NCBIGene:2908', 'NCBIGene:301', 'NCBIGene:5321', 'NCBIGene:5742', 'NCBIGene:5743', 'GO:0019370', 'GO:0001516', 'GO:0006954', 'MONDO:0002406', 'MONDO:0015614']",12,100.0
DB01174_MESH_D004828_1,"['PUBCHEM.COMPOUND:4763', 'NCBIGene:2554', 'NCBIGene:2555', 'NCBIGene:2556', 'NCBIGene:2557', 'NCBIGene:2558', 'NCBIGene:2559', 'GO:0022851', 'GO:0060081', 'GO:0019228', 'GO:0050806', 'MONDO:0005384']",12,100.0
DB00599_MESH_D004827_1,"['PUBCHEM.COMPOUND:23665410', 'NCBIGene:2554', 'NCBIGene:2555', 'NCBIGene:2556', 'NCBIGene:2557', 'NCBIGene:2558', 'NCBIGene:2559', 'GO:0022851', 'GO:0060081', 'GO:0019228', 'GO:0050806', 'MONDO:0005027']",12,100.0
DB01174_MESH_D003027_1,"['PUBCHEM.COMPOUND:4763', 'NCBIGene:2554', 'NCBIGene:2555', 'NCBIGene:2556', 'NCBIGene:2557', 'NCBIGene:2558', 'NCBIGene:2559', 'GO:0022851', 'GO:0060081', 'GO:0019228', 'GO:0050806', 'MONDO:0043537']",12,100.0
DB00186_MESH_D013226_1,"['PUBCHEM.COMPOUND:3958', 'NCBIGene:2554', 'NCBIGene:2555', 'NCBIGene:2556', 'NCBIGene:2557', 'NCBIGene:2558', 'NCBIGene:2559', 'GO:0022851', 'GO:0060081', 'GO:0019228', 'GO:0050806', 'MONDO:0002125']",12,100.0
DB01174_MESH_D008881_1,"['PUBCHEM.COMPOUND:4763', 'NCBIGene:2554', 'NCBIGene:2555', 'NCBIGene:2556', 'NCBIGene:2557', 'NCBIGene:2558', 'NCBIGene:2559', 'GO:0022851', 'GO:0060081', 'GO:0019228', 'GO:0050806', 'MONDO:0005277']",12,100.0
DB01174_MESH_D004827_2,"['PUBCHEM.COMPOUND:4763', 'NCBIGene:2554', 'NCBIGene:2555', 'NCBIGene:2556', 'NCBIGene:2557', 'NCBIGene:2558', 'NCBIGene:2559', 'GO:0022851', 'GO:0060081', 'GO:0019228', 'GO:0050806', 'MONDO:0005027']",12,100.0
DB00115_MESH_D014806_1,"['PUBCHEM.COMPOUND:54605677', 'CHEMBL.COMPOUND:CHEMBL4878179', 'HMDB:HMDB0000607', 'NCBIGene:4548', 'NCBIGene:4594', 'GO:0046105', 'PUBCHEM.COMPOUND:123909', 'GO:0090592', 'MONDO:0002012', 'GO:0051301', 'MONDO:0020022', 'HP:0020060', 'MONDO:0020696', 'MONDO:0001700']",12,100.0
DB01174_MESH_D004830_1,"['PUBCHEM.COMPOUND:4763', 'NCBIGene:2554', 'NCBIGene:2555', 'NCBIGene:2556', 'NCBIGene:2557', 'NCBIGene:2558', 'NCBIGene:2559', 'GO:0022851', 'GO:0060081', 'GO:0019228', 'GO:0050806', 'MONDO:0005754']",12,100.0
DB01174_MESH_D065768_1,"['PUBCHEM.COMPOUND:4763', 'NCBIGene:2554', 'NCBIGene:2555', 'NCBIGene:2556', 'NCBIGene:2557', 'NCBIGene:2558', 'NCBIGene:2559', 'GO:0022851', 'GO:0060081', 'GO:0019228', 'GO:0050806', 'MONDO:0016532']",12,100.0
DB00741_MESH_D000744_1,"['PUBCHEM.COMPOUND:5754', 'PUBCHEM.COMPOUND:219121', 'NCBIGene:2908', 'NCBIGene:301', 'NCBIGene:5321', 'NCBIGene:5742', 'NCBIGene:5743', 'GO:0019370', 'GO:0001516', 'GO:0006954', 'MONDO:0003664', 'MONDO:0020108']",12,100.0
DB00741_MESH_D013167_1,"['PUBCHEM.COMPOUND:5754', 'PUBCHEM.COMPOUND:5744', 'NCBIGene:2908', 'NCBIGene:301', 'NCBIGene:5321', 'NCBIGene:5742', 'NCBIGene:5743', 'GO:0019370', 'GO:0001516', 'GO:0006954', 'MONDO:0003937', 'MONDO:0005306']",12,100.0
DB00741_MESH_D015210_1,"['PUBCHEM.COMPOUND:5754', 'PUBCHEM.COMPOUND:219121', 'NCBIGene:2908', 'NCBIGene:301', 'NCBIGene:5321', 'NCBIGene:5742', 'NCBIGene:5743', 'GO:0019370', 'GO:0001516', 'GO:0006954', 'HP:0001386', 'MONDO:0005393']",12,100.0
DB00741_MESH_D015535_1,"['PUBCHEM.COMPOUND:5754', 'PUBCHEM.COMPOUND:219121', 'NCBIGene:2908', 'NCBIGene:301', 'NCBIGene:5321', 'NCBIGene:5742', 'NCBIGene:5743', 'GO:0019370', 'GO:0001516', 'GO:0006954', 'MONDO:0005083', 'MONDO:0011849']",12,100.0
DB00741_MESH_D001172_1,"['PUBCHEM.COMPOUND:5754', 'PUBCHEM.COMPOUND:5744', 'NCBIGene:2908', 'NCBIGene:301', 'NCBIGene:5321', 'NCBIGene:5742', 'NCBIGene:5743', 'GO:0019370', 'GO:0001516', 'GO:0006954', 'HP:0001386', 'MONDO:0008383']",12,100.0
DB00741_MESH_D001249_1,"['PUBCHEM.COMPOUND:5754', 'PUBCHEM.COMPOUND:219121', 'NCBIGene:2908', 'NCBIGene:301', 'NCBIGene:5321', 'NCBIGene:5742', 'NCBIGene:5743', 'GO:0019370', 'GO:0001516', 'GO:0006954', 'UBERON:0002185', 'MONDO:0004979']",12,100.0
DB00741_MESH_D001327_1,"['PUBCHEM.COMPOUND:5754', 'PUBCHEM.COMPOUND:219121', 'NCBIGene:2908', 'NCBIGene:301', 'NCBIGene:5321', 'NCBIGene:5742', 'NCBIGene:5743', 'GO:0019370', 'GO:0001516', 'GO:0006954', 'MONDO:0007179', 'MONDO:0007179']",12,100.0
DB00741_MESH_D001929_1,"['PUBCHEM.COMPOUND:5754', 'PUBCHEM.COMPOUND:5744', 'NCBIGene:2908', 'NCBIGene:301', 'NCBIGene:5321', 'NCBIGene:5742', 'NCBIGene:5743', 'GO:0019370', 'GO:0001516', 'GO:0006954', 'UBERON:0000955', 'MONDO:0006684']",12,100.0
DB01177_MESH_D015473_1,"['PUBCHEM.COMPOUND:42890', 'GO:0001207', 'GO:0009299', 'NCBIGene:7153', 'GO:0032993', 'CHEBI:26519', 'UMLS:C0012860', 'GO:0006260', 'HP:0031377', 'GO:0006915', 'GO:0140014', 'MONDO:0012883']",12,100.0
DB01177_MESH_D015470_1,"['PUBCHEM.COMPOUND:42890', 'GO:0001207', 'GO:0009299', 'NCBIGene:7153', 'GO:0032993', 'CHEBI:26519', 'UMLS:C0012860', 'GO:0006260', 'HP:0031377', 'GO:0006915', 'GO:0140014', 'MONDO:0018874']",12,100.0
DB00741_MESH_D002062_1,"['PUBCHEM.COMPOUND:5754', 'PUBCHEM.COMPOUND:5744', 'NCBIGene:2908', 'NCBIGene:301', 'NCBIGene:5321', 'NCBIGene:5742', 'NCBIGene:5743', 'GO:0019370', 'GO:0001516', 'GO:0006954', 'UBERON:0003668', 'MONDO:0002471']",12,100.0
DB00741_MESH_D003876_1,"['PUBCHEM.COMPOUND:5754', 'PUBCHEM.COMPOUND:5744', 'NCBIGene:2908', 'NCBIGene:301', 'NCBIGene:5321', 'NCBIGene:5742', 'NCBIGene:5743', 'GO:0019370', 'GO:0001516', 'GO:0006954', 'MONDO:0002406', 'MONDO:0011292']",12,100.0
DB00741_MESH_D003877_1,"['PUBCHEM.COMPOUND:5754', 'PUBCHEM.COMPOUND:5744', 'NCBIGene:2908', 'NCBIGene:301', 'NCBIGene:5321', 'NCBIGene:5742', 'NCBIGene:5743', 'GO:0019370', 'GO:0001516', 'GO:0006954', 'MONDO:0002406', 'MONDO:0005480']",12,100.0
DB01174_MESH_D012640_1,"['PUBCHEM.COMPOUND:4763', 'NCBIGene:2554', 'NCBIGene:2555', 'NCBIGene:2556', 'NCBIGene:2557', 'NCBIGene:2558', 'NCBIGene:2559', 'GO:0022851', 'GO:0060081', 'GO:0019228', 'GO:0050806', 'MONDO:0001386']",12,100.0
DB00741_MESH_D001607_1,"['PUBCHEM.COMPOUND:5754', 'PUBCHEM.COMPOUND:5744', 'NCBIGene:2908', 'NCBIGene:301', 'NCBIGene:5321', 'NCBIGene:5742', 'NCBIGene:5743', 'GO:0019370', 'GO:0001516', 'GO:0006954', 'UBERON:0002185', 'MONDO:0015274']",12,100.0
DB00350_MESH_D000505_1,"['CHEMBL.COMPOUND:CHEMBL802', 'CL:0000346', 'REACT:R-HSA-5684996', 'NCBIGene:3758', 'GO:0043066', 'CL:0002559', 'GO:0060081', 'GO:0070509', 'GO:0042311', 'GO:0008015', 'GO:0042640', 'MONDO:0004907']",12,100.0
DB00959_MESH_D016410_1,"['PUBCHEM.COMPOUND:6741', 'NCBIGene:2908', 'NCBIGene:301', 'NCBIGene:5321', 'NCBIGene:5742', 'NCBIGene:5743', 'GO:0019370', 'GO:0001516', 'GO:0006954', 'MONDO:0006547', 'HP:0000989', 'MONDO:0000607']",12,100.0
DB00635_MESH_D003424_1,"['PUBCHEM.COMPOUND:5865', 'PUBCHEM.COMPOUND:5755', 'NCBIGene:2908', 'NCBIGene:301', 'NCBIGene:5321', 'NCBIGene:5742', 'NCBIGene:5743', 'GO:0019370', 'GO:0001516', 'GO:0006954', 'UBERON:0001555', 'MONDO:0005011']",12,100.0
DB00635_MESH_D007819_1,"['PUBCHEM.COMPOUND:5865', 'PUBCHEM.COMPOUND:5755', 'NCBIGene:2908', 'NCBIGene:301', 'NCBIGene:5321', 'NCBIGene:5742', 'NCBIGene:5743', 'GO:0019370', 'GO:0001516', 'GO:0006954', 'UBERON:0001737', 'HP:0012027']",12,100.0
DB00635_MESH_D015212_1,"['PUBCHEM.COMPOUND:5865', 'PUBCHEM.COMPOUND:5755', 'NCBIGene:2908', 'NCBIGene:301', 'NCBIGene:5321', 'NCBIGene:5742', 'NCBIGene:5743', 'GO:0019370', 'GO:0001516', 'GO:0006954', 'UBERON:0001555', 'MONDO:0005265']",12,100.0
DB00635_MESH_D006689_1,"['PUBCHEM.COMPOUND:5865', 'PUBCHEM.COMPOUND:5755', 'NCBIGene:2908', 'NCBIGene:301', 'NCBIGene:5321', 'NCBIGene:5742', 'NCBIGene:5743', 'GO:0019370', 'GO:0001516', 'GO:0006954', 'MONDO:0005157', 'MONDO:0004952']",12,100.0
DB00635_MESH_D003874_1,"['PUBCHEM.COMPOUND:5865', 'PUBCHEM.COMPOUND:5755', 'NCBIGene:2908', 'NCBIGene:301', 'NCBIGene:5321', 'NCBIGene:5742', 'NCBIGene:5743', 'GO:0019370', 'GO:0001516', 'GO:0006954', 'MONDO:0002406', 'MONDO:0015614']",12,100.0
DB00635_MESH_D003873_1,"['PUBCHEM.COMPOUND:5865', 'PUBCHEM.COMPOUND:5755', 'NCBIGene:2908', 'NCBIGene:301', 'NCBIGene:5321', 'NCBIGene:5742', 'NCBIGene:5743', 'GO:0019370', 'GO:0001516', 'GO:0006954', 'MONDO:0002406', 'MONDO:0043233']",12,100.0
DB00635_MESH_D003877_1,"['PUBCHEM.COMPOUND:5865', 'PUBCHEM.COMPOUND:5755', 'NCBIGene:2908', 'NCBIGene:301', 'NCBIGene:5321', 'NCBIGene:5742', 'NCBIGene:5743', 'GO:0019370', 'GO:0001516', 'GO:0006954', 'MONDO:0002406', 'MONDO:0005480']",12,100.0
DB00635_MESH_D003876_1,"['PUBCHEM.COMPOUND:5865', 'PUBCHEM.COMPOUND:5755', 'NCBIGene:2908', 'NCBIGene:301', 'NCBIGene:5321', 'NCBIGene:5742', 'NCBIGene:5743', 'GO:0019370', 'GO:0001516', 'GO:0006954', 'MONDO:0002406', 'MONDO:0011292']",12,100.0
DB00635_MESH_D001607_1,"['PUBCHEM.COMPOUND:5865', 'PUBCHEM.COMPOUND:5755', 'NCBIGene:2908', 'NCBIGene:301', 'NCBIGene:5321', 'NCBIGene:5742', 'NCBIGene:5743', 'GO:0019370', 'GO:0001516', 'GO:0006954', 'UBERON:0002185', 'MONDO:0015274']",12,100.0
DB00959_MESH_D009103_1,"['PUBCHEM.COMPOUND:6741', 'NCBIGene:2908', 'NCBIGene:301', 'NCBIGene:5321', 'NCBIGene:5742', 'NCBIGene:5743', 'GO:0019370', 'GO:0001516', 'GO:0006954', 'HP:0003401', 'MONDO:0000437', 'MONDO:0005301']",12,100.0
DB00635_MESH_D001327_1,"['PUBCHEM.COMPOUND:5865', 'PUBCHEM.COMPOUND:5755', 'NCBIGene:2908', 'NCBIGene:301', 'NCBIGene:5321', 'NCBIGene:5742', 'NCBIGene:5743', 'GO:0019370', 'GO:0001516', 'GO:0006954', 'MONDO:0007179', 'MONDO:0007179']",12,100.0
DB00635_MESH_D001249_1,"['PUBCHEM.COMPOUND:5865', 'PUBCHEM.COMPOUND:5755', 'NCBIGene:2908', 'NCBIGene:301', 'NCBIGene:5321', 'NCBIGene:5742', 'NCBIGene:5743', 'GO:0019370', 'GO:0001516', 'GO:0006954', 'UBERON:0002185', 'MONDO:0004979']",12,100.0
DB00635_MESH_D001172_1,"['PUBCHEM.COMPOUND:5865', 'PUBCHEM.COMPOUND:5755', 'NCBIGene:2908', 'NCBIGene:301', 'NCBIGene:5321', 'NCBIGene:5742', 'NCBIGene:5743', 'GO:0019370', 'GO:0001516', 'GO:0006954', 'HP:0001386', 'MONDO:0008383']",12,100.0
DB00635_MESH_D015535_1,"['PUBCHEM.COMPOUND:5865', 'PUBCHEM.COMPOUND:5755', 'NCBIGene:2908', 'NCBIGene:301', 'NCBIGene:5321', 'NCBIGene:5742', 'NCBIGene:5743', 'GO:0019370', 'GO:0001516', 'GO:0006954', 'MONDO:0005083', 'MONDO:0011849']",12,100.0
DB00635_MESH_D001171_1,"['PUBCHEM.COMPOUND:5865', 'PUBCHEM.COMPOUND:5755', 'NCBIGene:2908', 'NCBIGene:301', 'NCBIGene:5321', 'NCBIGene:5742', 'NCBIGene:5743', 'GO:0019370', 'GO:0001516', 'GO:0006954', 'HP:0001386', 'MONDO:0011429']",12,100.0
DB00635_MESH_D015210_1,"['PUBCHEM.COMPOUND:5865', 'PUBCHEM.COMPOUND:5755', 'NCBIGene:2908', 'NCBIGene:301', 'NCBIGene:5321', 'NCBIGene:5742', 'NCBIGene:5743', 'GO:0019370', 'GO:0001516', 'GO:0006954', 'HP:0001386', 'MONDO:0005393']",12,100.0
DB00635_MESH_D000799_1,"['PUBCHEM.COMPOUND:5865', 'PUBCHEM.COMPOUND:5755', 'NCBIGene:2908', 'NCBIGene:301', 'NCBIGene:5321', 'NCBIGene:5742', 'NCBIGene:5743', 'GO:0019370', 'GO:0001516', 'GO:0006954', 'UBERON:0002067', 'MONDO:0010481']",12,100.0
DB00635_MESH_D015451_1,"['PUBCHEM.COMPOUND:5865', 'PUBCHEM.COMPOUND:5755', 'NCBIGene:2908', 'NCBIGene:301', 'NCBIGene:5321', 'NCBIGene:5742', 'NCBIGene:5743', 'GO:0019370', 'GO:0001516', 'GO:0006954', 'MONDO:0005157', 'MONDO:0004948']",12,100.0
DB00635_MESH_D008180_1,"['PUBCHEM.COMPOUND:5865', 'PUBCHEM.COMPOUND:5755', 'NCBIGene:2908', 'NCBIGene:301', 'NCBIGene:5321', 'NCBIGene:5742', 'NCBIGene:5743', 'GO:0019370', 'GO:0001516', 'GO:0006954', 'MONDO:0007179', 'MONDO:0007915']",12,100.0
DB00635_MESH_D008224_1,"['PUBCHEM.COMPOUND:5865', 'PUBCHEM.COMPOUND:5755', 'NCBIGene:2908', 'NCBIGene:301', 'NCBIGene:5321', 'NCBIGene:5742', 'NCBIGene:5743', 'GO:0019370', 'GO:0001516', 'GO:0006954', 'MONDO:0005157', 'MONDO:0018906']",12,100.0
DB00635_MESH_D016403_1,"['PUBCHEM.COMPOUND:5865', 'PUBCHEM.COMPOUND:5755', 'NCBIGene:2908', 'NCBIGene:301', 'NCBIGene:5321', 'NCBIGene:5742', 'NCBIGene:5743', 'GO:0019370', 'GO:0001516', 'GO:0006954', 'MONDO:0005157', 'MONDO:0018905']",12,100.0
DB00819_MESH_D015812_1,"['PUBCHEM.COMPOUND:1986', 'NCBIGene:759', 'NCBIGene:760', 'NCBIGene:762', 'NCBIGene:766', 'NCBIGene:771', 'NCBIGene:23632', 'NCBIGene:761', 'GO:0015701', 'UBERON:0001796', 'HP:0007906', 'MONDO:0001744']",12,100.0
DB00819_MESH_D004487_1,"['PUBCHEM.COMPOUND:1986', 'NCBIGene:759', 'NCBIGene:760', 'NCBIGene:762', 'NCBIGene:766', 'NCBIGene:771', 'NCBIGene:23632', 'NCBIGene:761', 'GO:0015701', 'GO:0098719', 'GO:0035812', 'HP:0000969']",12,100.0
DB00819_MESH_D005902_1,"['PUBCHEM.COMPOUND:1986', 'NCBIGene:759', 'NCBIGene:760', 'NCBIGene:762', 'NCBIGene:766', 'NCBIGene:771', 'NCBIGene:23632', 'NCBIGene:761', 'GO:0015701', 'UBERON:0001796', 'HP:0007906', 'MONDO:0005338']",12,100.0
DB00635_MESH_D014235_1,"['PUBCHEM.COMPOUND:5865', 'PUBCHEM.COMPOUND:5755', 'NCBIGene:2908', 'NCBIGene:301', 'NCBIGene:5321', 'NCBIGene:5742', 'NCBIGene:5743', 'GO:0019370', 'GO:0001516', 'GO:0006954', 'NCBITaxon:6333', 'MONDO:0019444']",12,100.0
DB00635_MESH_D013966_1,"['PUBCHEM.COMPOUND:5865', 'PUBCHEM.COMPOUND:5755', 'NCBIGene:2908', 'NCBIGene:301', 'NCBIGene:5321', 'NCBIGene:5742', 'NCBIGene:5743', 'GO:0019370', 'GO:0001516', 'GO:0006954', 'UBERON:0002046', 'MONDO:0004126']",12,100.0
DB00635_MESH_D013167_1,"['PUBCHEM.COMPOUND:5865', 'PUBCHEM.COMPOUND:5755', 'NCBIGene:2908', 'NCBIGene:301', 'NCBIGene:5321', 'NCBIGene:5742', 'NCBIGene:5743', 'GO:0019370', 'GO:0001516', 'GO:0006954', 'MONDO:0003937', 'MONDO:0005306']",12,100.0
DB00635_MESH_D012871_1,"['PUBCHEM.COMPOUND:5865', 'PUBCHEM.COMPOUND:5755', 'NCBIGene:2908', 'NCBIGene:301', 'NCBIGene:5321', 'NCBIGene:5742', 'NCBIGene:5743', 'GO:0019370', 'GO:0001516', 'GO:0006954', 'MONDO:0002406', 'MONDO:0005093']",12,100.0
DB00635_MESH_D065631_1,"['PUBCHEM.COMPOUND:5865', 'PUBCHEM.COMPOUND:5755', 'NCBIGene:2908', 'NCBIGene:301', 'NCBIGene:5321', 'NCBIGene:5742', 'NCBIGene:5743', 'GO:0019370', 'GO:0001516', 'GO:0006954', 'UBERON:0001826', 'MONDO:0011786']",12,100.0
DB00635_MESH_D012214_1,"['PUBCHEM.COMPOUND:5865', 'PUBCHEM.COMPOUND:5755', 'NCBIGene:2908', 'NCBIGene:301', 'NCBIGene:5321', 'NCBIGene:5742', 'NCBIGene:5743', 'GO:0019370', 'GO:0001516', 'GO:0006954', 'MONDO:0002869', 'MONDO:0006955']",12,100.0
DB00635_MESH_D011657_1,"['PUBCHEM.COMPOUND:5865', 'PUBCHEM.COMPOUND:5755', 'NCBIGene:2908', 'NCBIGene:301', 'NCBIGene:5321', 'NCBIGene:5742', 'NCBIGene:5743', 'GO:0019370', 'GO:0001516', 'GO:0006954', 'GO:0048245', 'MONDO:0004802']",12,100.0
DB00635_MESH_D011565_1,"['PUBCHEM.COMPOUND:5865', 'PUBCHEM.COMPOUND:5755', 'NCBIGene:2908', 'NCBIGene:301', 'NCBIGene:5321', 'NCBIGene:5742', 'NCBIGene:5743', 'GO:0019370', 'GO:0001516', 'GO:0006954', 'MONDO:0002406', 'MONDO:0005083']",12,100.0
DB00635_MESH_D010392_1,"['PUBCHEM.COMPOUND:5865', 'PUBCHEM.COMPOUND:5755', 'NCBIGene:2908', 'NCBIGene:301', 'NCBIGene:5321', 'NCBIGene:5742', 'NCBIGene:5743', 'GO:0019370', 'GO:0001516', 'GO:0006954', 'HP:0008066', 'MONDO:0006594']",12,100.0
DB00635_MESH_D009182_1,"['PUBCHEM.COMPOUND:5865', 'PUBCHEM.COMPOUND:5755', 'NCBIGene:2908', 'NCBIGene:301', 'NCBIGene:5321', 'NCBIGene:5742', 'NCBIGene:5743', 'GO:0019370', 'GO:0001516', 'GO:0006954', 'MONDO:0006547', 'MONDO:0009691']",12,100.0
DB00635_MESH_D009140_1,"['PUBCHEM.COMPOUND:5865', 'PUBCHEM.COMPOUND:5755', 'NCBIGene:2908', 'NCBIGene:301', 'NCBIGene:5321', 'NCBIGene:5742', 'NCBIGene:5743', 'GO:0019370', 'GO:0001516', 'GO:0006954', 'HP:0012531', 'MONDO:0002081']",12,100.0
DB00635_MESH_D008228_1,"['PUBCHEM.COMPOUND:5865', 'PUBCHEM.COMPOUND:5755', 'NCBIGene:2908', 'NCBIGene:301', 'NCBIGene:5321', 'NCBIGene:5742', 'NCBIGene:5743', 'GO:0019370', 'GO:0001516', 'GO:0006954', 'MONDO:0005157', 'MONDO:0018908']",12,100.0
DB00635_MESH_D000744_1,"['PUBCHEM.COMPOUND:5865', 'PUBCHEM.COMPOUND:5755', 'NCBIGene:2908', 'NCBIGene:301', 'NCBIGene:5321', 'NCBIGene:5742', 'NCBIGene:5743', 'GO:0019370', 'GO:0001516', 'GO:0006954', 'MONDO:0003664', 'MONDO:0020108']",12,100.0
DB00635_MESH_D029503_1,"['PUBCHEM.COMPOUND:5865', 'PUBCHEM.COMPOUND:5755', 'NCBIGene:2908', 'NCBIGene:301', 'NCBIGene:5321', 'NCBIGene:5742', 'NCBIGene:5743', 'GO:0019370', 'GO:0001516', 'GO:0006954', 'HP:0001908', 'MONDO:0015253']",12,100.0
DB00443_MESH_D011538_1,"['PUBCHEM.COMPOUND:21800', 'NCBIGene:2908', 'NCBIGene:301', 'NCBIGene:5321', 'NCBIGene:5742', 'NCBIGene:5743', 'GO:0019370', 'GO:0001516', 'GO:0006954', 'HP:0000989', 'UBERON:0001245', 'UMLS:C0033775']",12,100.0
DB01380_MESH_D011538_1,"['PUBCHEM.COMPOUND:222786', 'NCBIGene:2908', 'NCBIGene:301', 'NCBIGene:5321', 'NCBIGene:5742', 'NCBIGene:5743', 'GO:0019370', 'GO:0001516', 'GO:0006954', 'HP:0000989', 'UBERON:0001245', 'UMLS:C0033775']",12,100.0
DB01380_MESH_D009103_1,"['PUBCHEM.COMPOUND:222786', 'NCBIGene:2908', 'NCBIGene:301', 'NCBIGene:5321', 'NCBIGene:5742', 'NCBIGene:5743', 'GO:0019370', 'GO:0001516', 'GO:0006954', 'HP:0003401', 'MONDO:0000437', 'MONDO:0005301']",12,100.0
DB01380_MESH_D016410_1,"['PUBCHEM.COMPOUND:222786', 'NCBIGene:2908', 'NCBIGene:301', 'NCBIGene:5321', 'NCBIGene:5742', 'NCBIGene:5743', 'GO:0019370', 'GO:0001516', 'GO:0006954', 'MONDO:0006547', 'HP:0000989', 'MONDO:0000607']",12,100.0
DB00620_MESH_D014391_1,"['PUBCHEM.COMPOUND:6216', 'NCBIGene:2908', 'NCBIGene:301', 'NCBIGene:5321', 'NCBIGene:5742', 'NCBIGene:5743', 'GO:0019370', 'GO:0001516', 'GO:0006954', 'UBERON:0002048', 'MONDO:0006052', 'MONDO:0005848']",12,100.0
DB00620_MESH_D052256_1,"['PUBCHEM.COMPOUND:6436', 'NCBIGene:2908', 'NCBIGene:301', 'NCBIGene:5321', 'NCBIGene:5742', 'NCBIGene:5743', 'GO:0019370', 'GO:0001516', 'GO:0006954', 'HP:0012531', 'UBERON:0000043', 'MONDO:0100010']",12,100.0
DB00620_MESH_D011538_1,"['PUBCHEM.COMPOUND:6436', 'NCBIGene:2908', 'NCBIGene:301', 'NCBIGene:5321', 'NCBIGene:5742', 'NCBIGene:5743', 'GO:0019370', 'GO:0001516', 'GO:0006954', 'HP:0000989', 'UBERON:0001245', 'UMLS:C0033775']",12,100.0
DB00620_MESH_D009103_1,"['PUBCHEM.COMPOUND:6436', 'NCBIGene:2908', 'NCBIGene:301', 'NCBIGene:5321', 'NCBIGene:5742', 'NCBIGene:5743', 'GO:0019370', 'GO:0001516', 'GO:0006954', 'HP:0003401', 'MONDO:0000437', 'MONDO:0005301']",12,100.0
DB00620_MESH_D013716_1,"['PUBCHEM.COMPOUND:31307', 'NCBIGene:2908', 'NCBIGene:301', 'NCBIGene:5321', 'NCBIGene:5742', 'NCBIGene:5743', 'GO:0019370', 'GO:0001516', 'GO:0006954', 'HP:0012531', 'HP:0100261', 'MONDO:0001875']",12,100.0
DB00620_MESH_D016410_1,"['PUBCHEM.COMPOUND:31307', 'NCBIGene:2908', 'NCBIGene:301', 'NCBIGene:5321', 'NCBIGene:5742', 'NCBIGene:5743', 'GO:0019370', 'GO:0001516', 'GO:0006954', 'MONDO:0006547', 'HP:0000989', 'MONDO:0000607']",12,100.0
DB00959_MESH_D014391_1,"['PUBCHEM.COMPOUND:6741', 'NCBIGene:2908', 'NCBIGene:301', 'NCBIGene:5321', 'NCBIGene:5742', 'NCBIGene:5743', 'GO:0019370', 'GO:0001516', 'GO:0006954', 'UBERON:0002048', 'MONDO:0006052', 'MONDO:0005848']",12,100.0
DB00959_MESH_D013716_1,"['PUBCHEM.COMPOUND:6741', 'NCBIGene:2908', 'NCBIGene:301', 'NCBIGene:5321', 'NCBIGene:5742', 'NCBIGene:5743', 'GO:0019370', 'GO:0001516', 'GO:0006954', 'HP:0012531', 'HP:0100261', 'MONDO:0001875']",12,100.0
DB00959_MESH_D052256_1,"['PUBCHEM.COMPOUND:6741', 'NCBIGene:2908', 'NCBIGene:301', 'NCBIGene:5321', 'NCBIGene:5742', 'NCBIGene:5743', 'GO:0019370', 'GO:0001516', 'GO:0006954', 'HP:0012531', 'UBERON:0000043', 'MONDO:0100010']",12,100.0
DB00959_MESH_D012713_1,"['PUBCHEM.COMPOUND:6741', 'NCBIGene:2908', 'NCBIGene:301', 'NCBIGene:5321', 'NCBIGene:5742', 'NCBIGene:5743', 'GO:0019370', 'GO:0001516', 'GO:0006954', 'MONDO:0005492', 'HP:0002829', 'MONDO:0043789']",12,100.0
DB00959_MESH_D006255_1,"['PUBCHEM.COMPOUND:6741', 'PUBCHEM.COMPOUND:5877', 'NCBIGene:2908', 'NCBIGene:301', 'NCBIGene:5321', 'NCBIGene:5742', 'NCBIGene:5743', 'GO:0019370', 'GO:0001516', 'GO:0006954', 'UBERON:0001826', 'MONDO:0005324']",12,100.0
DB00959_MESH_D012221_1,"['PUBCHEM.COMPOUND:6741', 'PUBCHEM.COMPOUND:5877', 'NCBIGene:2908', 'NCBIGene:301', 'NCBIGene:5321', 'NCBIGene:5742', 'NCBIGene:5743', 'GO:0019370', 'GO:0001516', 'GO:0006954', 'UBERON:0001826', 'MONDO:0024332']",12,100.0
DB00959_MESH_D011538_1,"['PUBCHEM.COMPOUND:6741', 'NCBIGene:2908', 'NCBIGene:301', 'NCBIGene:5321', 'NCBIGene:5742', 'NCBIGene:5743', 'GO:0019370', 'GO:0001516', 'GO:0006954', 'HP:0000989', 'UBERON:0001245', 'UMLS:C0033775']",12,100.0
DB01380_MESH_D010032_1,"['PUBCHEM.COMPOUND:222786', 'NCBIGene:2908', 'NCBIGene:301', 'NCBIGene:5321', 'NCBIGene:5742', 'NCBIGene:5743', 'GO:0019370', 'GO:0001516', 'GO:0006954', 'HP:0012531', 'HP:0000989', 'MONDO:0004795']",12,100.0
DB01380_MESH_D012713_1,"['PUBCHEM.COMPOUND:222786', 'NCBIGene:2908', 'NCBIGene:301', 'NCBIGene:5321', 'NCBIGene:5742', 'NCBIGene:5743', 'GO:0019370', 'GO:0001516', 'GO:0006954', 'MONDO:0005492', 'HP:0002829', 'MONDO:0043789']",12,100.0
DB00443_MESH_D014391_1,"['PUBCHEM.COMPOUND:9782', 'NCBIGene:2908', 'NCBIGene:301', 'NCBIGene:5321', 'NCBIGene:5742', 'NCBIGene:5743', 'GO:0019370', 'GO:0001516', 'GO:0006954', 'UBERON:0002048', 'MONDO:0006052', 'MONDO:0005848']",12,100.0
DB01380_MESH_D052256_1,"['PUBCHEM.COMPOUND:222786', 'NCBIGene:2908', 'NCBIGene:301', 'NCBIGene:5321', 'NCBIGene:5742', 'NCBIGene:5743', 'GO:0019370', 'GO:0001516', 'GO:0006954', 'HP:0012531', 'UBERON:0000043', 'MONDO:0100010']",12,100.0
DB00443_MESH_D013716_1,"['PUBCHEM.COMPOUND:9782', 'NCBIGene:2908', 'NCBIGene:301', 'NCBIGene:5321', 'NCBIGene:5742', 'NCBIGene:5743', 'GO:0019370', 'GO:0001516', 'GO:0006954', 'HP:0012531', 'HP:0100261', 'MONDO:0001875']",12,100.0
DB00443_MESH_D052256_1,"['PUBCHEM.COMPOUND:9782', 'NCBIGene:2908', 'NCBIGene:301', 'NCBIGene:5321', 'NCBIGene:5742', 'NCBIGene:5743', 'GO:0019370', 'GO:0001516', 'GO:0006954', 'HP:0012531', 'UBERON:0000043', 'MONDO:0100010']",12,100.0
DB00443_MESH_D012713_1,"['PUBCHEM.COMPOUND:9782', 'NCBIGene:2908', 'NCBIGene:301', 'NCBIGene:5321', 'NCBIGene:5742', 'NCBIGene:5743', 'GO:0019370', 'GO:0001516', 'GO:0006954', 'MONDO:0005492', 'HP:0002829', 'MONDO:0043789']",12,100.0
DB00443_MESH_D009103_1,"['PUBCHEM.COMPOUND:9782', 'NCBIGene:2908', 'NCBIGene:301', 'NCBIGene:5321', 'NCBIGene:5742', 'NCBIGene:5743', 'GO:0019370', 'GO:0001516', 'GO:0006954', 'HP:0003401', 'MONDO:0000437', 'MONDO:0005301']",12,100.0
DB00443_MESH_D016410_1,"['PUBCHEM.COMPOUND:9782', 'NCBIGene:2908', 'NCBIGene:301', 'NCBIGene:5321', 'NCBIGene:5742', 'NCBIGene:5743', 'GO:0019370', 'GO:0001516', 'GO:0006954', 'MONDO:0006547', 'HP:0000989', 'MONDO:0000607']",12,100.0
DB00860_MESH_D014391_1,"['PUBCHEM.COMPOUND:5755', 'NCBIGene:2908', 'NCBIGene:301', 'NCBIGene:5321', 'NCBIGene:5742', 'NCBIGene:5743', 'GO:0019370', 'GO:0001516', 'GO:0006954', 'UBERON:0002048', 'MONDO:0006052', 'MONDO:0005848']",12,100.0
DB00860_MESH_D013716_1,"['PUBCHEM.COMPOUND:5755', 'NCBIGene:2908', 'NCBIGene:301', 'NCBIGene:5321', 'NCBIGene:5742', 'NCBIGene:5743', 'GO:0019370', 'GO:0001516', 'GO:0006954', 'HP:0012531', 'HP:0100261', 'MONDO:0001875']",12,100.0
DB00860_MESH_D052256_1,"['PUBCHEM.COMPOUND:5755', 'NCBIGene:2908', 'NCBIGene:301', 'NCBIGene:5321', 'NCBIGene:5742', 'NCBIGene:5743', 'GO:0019370', 'GO:0001516', 'GO:0006954', 'HP:0012531', 'UBERON:0000043', 'MONDO:0100010']",12,100.0
DB00860_MESH_D012713_1,"['PUBCHEM.COMPOUND:5755', 'NCBIGene:2908', 'NCBIGene:301', 'NCBIGene:5321', 'NCBIGene:5742', 'NCBIGene:5743', 'GO:0019370', 'GO:0001516', 'GO:0006954', 'MONDO:0005492', 'HP:0002829', 'MONDO:0043789']",12,100.0
DB00860_MESH_D011538_1,"['PUBCHEM.COMPOUND:5755', 'NCBIGene:2908', 'NCBIGene:301', 'NCBIGene:5321', 'NCBIGene:5742', 'NCBIGene:5743', 'GO:0019370', 'GO:0001516', 'GO:0006954', 'HP:0000989', 'UBERON:0001245', 'UMLS:C0033775']",12,100.0
DB00860_MESH_D011111_1,"['PUBCHEM.COMPOUND:5755', 'NCBIGene:2908', 'NCBIGene:301', 'NCBIGene:5321', 'NCBIGene:5742', 'NCBIGene:5743', 'GO:0019370', 'GO:0001516', 'GO:0006954', 'UBERON:0001981', 'MONDO:0008538', 'MONDO:0019735']",12,100.0
DB00860_MESH_D009103_1,"['PUBCHEM.COMPOUND:5755', 'NCBIGene:2908', 'NCBIGene:301', 'NCBIGene:5321', 'NCBIGene:5742', 'NCBIGene:5743', 'GO:0019370', 'GO:0001516', 'GO:0006954', 'HP:0003401', 'MONDO:0000437', 'MONDO:0005301']",12,100.0
DB00860_MESH_D016410_1,"['PUBCHEM.COMPOUND:5755', 'NCBIGene:2908', 'NCBIGene:301', 'NCBIGene:5321', 'NCBIGene:5742', 'NCBIGene:5743', 'GO:0019370', 'GO:0001516', 'GO:0006954', 'MONDO:0006547', 'HP:0000989', 'MONDO:0000607']",12,100.0
DB01380_MESH_D014391_1,"['PUBCHEM.COMPOUND:222786', 'NCBIGene:2908', 'NCBIGene:301', 'NCBIGene:5321', 'NCBIGene:5742', 'NCBIGene:5743', 'GO:0019370', 'GO:0001516', 'GO:0006954', 'UBERON:0002048', 'MONDO:0006052', 'MONDO:0005848']",12,100.0
DB01380_MESH_D013716_1,"['PUBCHEM.COMPOUND:222786', 'NCBIGene:2908', 'NCBIGene:301', 'NCBIGene:5321', 'NCBIGene:5742', 'NCBIGene:5743', 'GO:0019370', 'GO:0001516', 'GO:0006954', 'HP:0012531', 'HP:0100261', 'MONDO:0001875']",12,100.0
DB00620_MESH_D012713_1,"['PUBCHEM.COMPOUND:31307', 'NCBIGene:2908', 'NCBIGene:301', 'NCBIGene:5321', 'NCBIGene:5742', 'NCBIGene:5743', 'GO:0019370', 'GO:0001516', 'GO:0006954', 'MONDO:0005492', 'HP:0002829', 'MONDO:0043789']",12,100.0
DB00819_MESH_D000532_1,"['PUBCHEM.COMPOUND:1986', 'NCBIGene:759', 'NCBIGene:760', 'NCBIGene:762', 'NCBIGene:766', 'NCBIGene:771', 'NCBIGene:23632', 'NCBIGene:761', 'GO:0015701', 'PUBCHEM.COMPOUND:280', 'HP:0001950', 'MONDO:0006625']",12,100.0
DB00774_MESH_D006973_1,"['PUBCHEM.COMPOUND:3647', 'NCBIGene:6559', 'GO:0070294', 'GO:0003092', 'HP:0033533', 'NCBIGene:3778', 'NCBIGene:760', 'GO:0060087', 'GO:0038166', 'GO:0042310', 'HP:0032263', 'MONDO:0005044']",12,100.0
DB01388_MESH_D006973_1,"['PUBCHEM.COMPOUND:60663', 'NCBIGene:8913', 'NCBIGene:775', 'NCBIGene:8912', 'NCBIGene:776', 'NCBIGene:778', 'NCBIGene:8911', 'NCBIGene:779', 'GO:0070509', 'GO:0045907', 'GO:0008217', 'MONDO:0005044']",12,100.0
DB00641_MESH_D006952_1,"['PUBCHEM.COMPOUND:54454', 'PUBCHEM.COMPOUND:64718', 'NCBIGene:3156', 'NCBIGene:335', 'GO:0006695', 'NCBIGene:4023', 'GO:0019433', 'GO:0034380', 'PUBCHEM.COMPOUND:5997', 'PUBCHEM.COMPOUND:5460048', 'CHEBI:47775', 'MONDO:0018473']",12,100.0
DB00463_MESH_D004830_1,"['PUBCHEM.COMPOUND:4099', 'NCBIGene:2554', 'NCBIGene:2555', 'NCBIGene:2556', 'NCBIGene:2557', 'NCBIGene:2558', 'NCBIGene:2559', 'GO:0022851', 'GO:0060081', 'GO:0019228', 'GO:0050806', 'MONDO:0005754']",12,100.0
DB06595_MESH_D015470_1,"['PUBCHEM.COMPOUND:9829523', 'NCBIGene:2322', 'NCBIGene:5159', 'NCBIGene:5156', 'NCBIGene:3791', 'NCBIGene:3815', 'NCBIGene:5578', 'GO:0008283', 'GO:0001525', 'REACT:R-HSA-9607240', 'GO:0035726', 'MONDO:0018874']",12,100.0
DB06595_MESH_D007946_1,"['PUBCHEM.COMPOUND:9829523', 'NCBIGene:2322', 'NCBIGene:5159', 'NCBIGene:5156', 'NCBIGene:3791', 'NCBIGene:3815', 'NCBIGene:5578', 'GO:0008283', 'GO:0001525', 'GO:0070662', 'REACT:R-HSA-9607240', 'MONDO:0020334']",12,100.0
DB01577_MESH_D001289_1,"['PUBCHEM.COMPOUND:10836', 'NCBIGene:6530', 'NCBIGene:6531', 'NCBIGene:4129', 'NCBIGene:4128', 'GO:0051620', 'GO:0051583', 'PUBCHEM.COMPOUND:439260', 'PUBCHEM.COMPOUND:681', 'GO:0061533', 'GO:0061527', 'MONDO:0005302']",12,100.0
DB00797_MESH_D010547_1,"['PUBCHEM.COMPOUND:5504', 'NCBIGene:3269', 'NCBIGene:3274', 'NCBIGene:148', 'NCBIGene:150', 'REACT:R-HSA-416476', 'REACT:R-HSA-416482', 'REACT:R-HSA-418594', 'REACT:R-HSA-418597', 'GO:0042310', 'GO:0042311', 'MONDO:0022430']",12,100.0
DB00598_MESH_D006973_1,"['PUBCHEM.COMPOUND:3869', 'NCBIGene:153', 'NCBIGene:154', 'NCBIGene:148', 'NCBIGene:147', 'NCBIGene:146', 'REACT:R-HSA-418555', 'REACT:R-HSA-416476', 'GO:0042310', 'GO:0060047', 'HP:0032263', 'MONDO:0005044']",12,100.0
DB00880_MESH_D006973_1,"['PUBCHEM.COMPOUND:2720', 'NCBIGene:6559', 'GO:0070294', 'GO:0003092', 'HP:0033533', 'NCBIGene:3778', 'NCBIGene:760', 'GO:0060087', 'GO:0038166', 'GO:0042310', 'HP:0032263', 'MONDO:0005044']",12,100.0
DB01388_MESH_D000787_1,"['PUBCHEM.COMPOUND:60663', 'NCBIGene:8913', 'NCBIGene:775', 'NCBIGene:8912', 'NCBIGene:776', 'NCBIGene:778', 'NCBIGene:8911', 'NCBIGene:779', 'GO:0070509', 'GO:0045907', 'GO:0008015', 'HP:0001681']",12,100.0
DB00451_MESH_D050031_1,"['PUBCHEM.COMPOUND:5819', 'PUBCHEM.COMPOUND:5920', 'NCBIGene:7067', 'NCBIGene:7068', 'GO:0002154', 'HP:0004324', 'GO:0010460', 'GO:0120054', 'HP:0012378', 'GO:0070460', 'HP:0008249', 'MONDO:0007699']",12,100.0
DB01039_MESH_D006949_1,"['PUBCHEM.COMPOUND:3339', 'PUBCHEM.COMPOUND:64929', 'NCBIGene:5465', 'NCBIGene:4023', 'GO:0016042', 'PUBCHEM.COMPOUND:5460048', 'CHEBI:39025', 'HP:0003124', 'NCBIGene:345', 'GO:0006635', 'MESH:D015243', 'MONDO:0021187']",12,100.0
DB01039_MESH_D006950_1,"['PUBCHEM.COMPOUND:3339', 'PUBCHEM.COMPOUND:64929', 'NCBIGene:5465', 'NCBIGene:4023', 'GO:0016042', 'PUBCHEM.COMPOUND:5460048', 'CHEBI:39025', 'HP:0003124', 'NCBIGene:345', 'GO:0006635', 'MESH:D015243', 'MONDO:0007759']",12,100.0
DB00687_MESH_D000224_2,"['PUBCHEM.COMPOUND:225609', 'PUBCHEM.COMPOUND:31378', 'NCBIGene:4306', 'GO:0070294', 'PUBCHEM.COMPOUND:5360545', 'HP:0002632', 'GO:0070295', 'GO:0036359', 'PUBCHEM.COMPOUND:5462222', 'HP:0002153', 'MONDO:0005468', 'MONDO:0015129']",12,100.0
DB00115_MESH_D001361_1,"['PUBCHEM.COMPOUND:54605677', 'CHEMBL.COMPOUND:CHEMBL4878179', 'HMDB:HMDB0000607', 'NCBIGene:4548', 'NCBIGene:4594', 'GO:0046105', 'PUBCHEM.COMPOUND:123909', 'GO:0090592', 'MONDO:0002012', 'GO:0051301', 'MONDO:0020022', 'HP:0020060', 'MONDO:0024298', 'MONDO:0001700']",12,100.0
DB01576_MESH_D009290_1,"['PUBCHEM.COMPOUND:5826', 'NCBIGene:6530', 'GO:0051620', 'PUBCHEM.COMPOUND:439260', 'NCBIGene:6531', 'GO:0051583', 'PUBCHEM.COMPOUND:681', 'GO:0061527', 'NCBIGene:6571', 'GO:0015842', 'GO:0061533', 'MONDO:0021107']",12,100.0
DB01576_MESH_D001289_1,"['PUBCHEM.COMPOUND:5826', 'NCBIGene:6530', 'GO:0051620', 'PUBCHEM.COMPOUND:439260', 'NCBIGene:6531', 'GO:0051583', 'PUBCHEM.COMPOUND:681', 'GO:0061527', 'NCBIGene:6571', 'GO:0015842', 'GO:0061533', 'MONDO:0005302']",12,100.0
DB00696_MESH_D014653_1,"['PUBCHEM.COMPOUND:8223', 'NCBIGene:3352', 'NCBIGene:148', 'NCBIGene:150', 'NCBIGene:152', 'NCBIGene:146', 'NCBIGene:147', 'NCBIGene:151', 'PUBCHEM.COMPOUND:36511', 'GO:0006954', 'GO:0042310', 'UMLS:C0042376']",12,100.0
DB00696_MESH_D008881_1,"['PUBCHEM.COMPOUND:8223', 'NCBIGene:3352', 'NCBIGene:148', 'NCBIGene:150', 'NCBIGene:152', 'NCBIGene:146', 'NCBIGene:147', 'NCBIGene:151', 'PUBCHEM.COMPOUND:36511', 'GO:0006954', 'GO:0042310', 'MONDO:0005277']",12,100.0
DB00696_MESH_D003027_1,"['PUBCHEM.COMPOUND:8223', 'NCBIGene:3352', 'NCBIGene:148', 'NCBIGene:150', 'NCBIGene:152', 'NCBIGene:146', 'NCBIGene:147', 'NCBIGene:151', 'PUBCHEM.COMPOUND:36511', 'GO:0006954', 'GO:0042310', 'MONDO:0043537']",12,100.0
DB00484_MESH_D005902_2,"['PUBCHEM.COMPOUND:25137926', 'NCBIGene:150', 'NCBIGene:151', 'NCBIGene:152', 'REACT:R-HSA-418594', 'REACT:R-HSA-418597', 'PUBCHEM.COMPOUND:6076', 'GO:0006939', 'UBERON:0001796', 'UBERON:0003956', 'HP:0007906', 'MONDO:0005338']",12,100.0
DB01380_MESH_D009450_1,"['PUBCHEM.COMPOUND:222786', 'NCBIGene:2908', 'NCBIGene:301', 'NCBIGene:5321', 'NCBIGene:5742', 'NCBIGene:5743', 'GO:0019370', 'GO:0001516', 'GO:0006954', 'HP:0000989', 'MONDO:0006585']",11,100.0
DB01380_MESH_D011349_1,"['PUBCHEM.COMPOUND:222786', 'NCBIGene:2908', 'NCBIGene:301', 'NCBIGene:5321', 'NCBIGene:5742', 'NCBIGene:5743', 'GO:0019370', 'GO:0001516', 'GO:0006954', 'UBERON:0001245', 'MONDO:0005538']",11,100.0
DB01380_MESH_D010392_1,"['PUBCHEM.COMPOUND:222786', 'NCBIGene:2908', 'NCBIGene:301', 'NCBIGene:5321', 'NCBIGene:5742', 'NCBIGene:5743', 'GO:0019370', 'GO:0001516', 'GO:0006954', 'HP:0008066', 'MONDO:0006594']",11,100.0
DB01380_MESH_D011015_1,"['PUBCHEM.COMPOUND:222786', 'NCBIGene:2908', 'NCBIGene:301', 'NCBIGene:5321', 'NCBIGene:5742', 'NCBIGene:5743', 'GO:0019370', 'GO:0001516', 'GO:0006954', 'UBERON:0002048', 'MONDO:0000265']",11,100.0
DB00484_MESH_D012393_1,"['PUBCHEM.COMPOUND:25137926', 'NCBIGene:150', 'NCBIGene:151', 'NCBIGene:152', 'REACT:R-HSA-418594', 'REACT:R-HSA-418597', 'PUBCHEM.COMPOUND:6076', 'GO:0042310', 'HP:0031284', 'MONDO:0006604', 'MONDO:0006604']",11,100.0
DB01380_MESH_D009182_1,"['PUBCHEM.COMPOUND:222786', 'NCBIGene:2908', 'NCBIGene:301', 'NCBIGene:5321', 'NCBIGene:5742', 'NCBIGene:5743', 'GO:0019370', 'GO:0001516', 'GO:0006954', 'MONDO:0006547', 'MONDO:0009691']",11,100.0
DB01380_MESH_D008180_1,"['PUBCHEM.COMPOUND:222786', 'NCBIGene:2908', 'NCBIGene:301', 'NCBIGene:5321', 'NCBIGene:5742', 'NCBIGene:5743', 'GO:0019370', 'GO:0001516', 'GO:0006954', 'MONDO:0007179', 'MONDO:0007915']",11,100.0
DB01380_MESH_D009140_1,"['PUBCHEM.COMPOUND:222786', 'NCBIGene:2908', 'NCBIGene:301', 'NCBIGene:5321', 'NCBIGene:5742', 'NCBIGene:5743', 'GO:0019370', 'GO:0001516', 'GO:0006954', 'HP:0012531', 'MONDO:0002081']",11,100.0
DB00484_MESH_D009798_2,"['PUBCHEM.COMPOUND:25137926', 'NCBIGene:150', 'NCBIGene:151', 'NCBIGene:152', 'REACT:R-HSA-418594', 'REACT:R-HSA-418597', 'PUBCHEM.COMPOUND:6076', 'GO:0006939', 'UBERON:0001796', 'UBERON:0003956', 'MONDO:0006875']",11,100.0
DB08889_MESH_D009101_1,"['UMLS:C1709429', 'PUBCHEM.COMPOUND:11556711', 'PUBCHEM.COMPOUND:73005958', 'NCBIGene:5693', 'NCBIGene:5696', 'NCBIGene:5689', 'NCBIGene:5698', 'NCBIGene:5690', 'NCBIGene:5699', 'GO:0005839', 'GO:0008283', 'CL:0001063', 'MONDO:0009693']",11,100.0
DB01380_MESH_D008228_1,"['PUBCHEM.COMPOUND:222786', 'NCBIGene:2908', 'NCBIGene:301', 'NCBIGene:5321', 'NCBIGene:5742', 'NCBIGene:5743', 'GO:0019370', 'GO:0001516', 'GO:0006954', 'MONDO:0005157', 'MONDO:0018908']",11,100.0
DB01380_MESH_D008224_1,"['PUBCHEM.COMPOUND:222786', 'NCBIGene:2908', 'NCBIGene:301', 'NCBIGene:5321', 'NCBIGene:5742', 'NCBIGene:5743', 'GO:0019370', 'GO:0001516', 'GO:0006954', 'MONDO:0005157', 'MONDO:0018906']",11,100.0
DB01380_MESH_D011657_1,"['PUBCHEM.COMPOUND:222786', 'NCBIGene:2908', 'NCBIGene:301', 'NCBIGene:5321', 'NCBIGene:5742', 'NCBIGene:5743', 'GO:0019370', 'GO:0001516', 'GO:0006954', 'GO:0048245', 'MONDO:0004802']",11,100.0
DB01380_MESH_D008179_1,"['PUBCHEM.COMPOUND:222786', 'NCBIGene:2908', 'NCBIGene:301', 'NCBIGene:5321', 'NCBIGene:5742', 'NCBIGene:5743', 'GO:0019370', 'GO:0001516', 'GO:0006954', 'MONDO:0007179', 'MONDO:0019558']",11,100.0
DB01380_MESH_D007819_1,"['PUBCHEM.COMPOUND:222786', 'NCBIGene:2908', 'NCBIGene:301', 'NCBIGene:5321', 'NCBIGene:5742', 'NCBIGene:5743', 'GO:0019370', 'GO:0001516', 'GO:0006954', 'UBERON:0001737', 'HP:0012027']",11,100.0
DB01380_MESH_D007634_2,"['PUBCHEM.COMPOUND:222786', 'NCBIGene:2908', 'NCBIGene:301', 'NCBIGene:5321', 'NCBIGene:5742', 'NCBIGene:5743', 'GO:0019370', 'GO:0001516', 'GO:0006954', 'UBERON:0000964', 'MONDO:0003085']",11,100.0
DB01380_MESH_D007500_1,"['PUBCHEM.COMPOUND:222786', 'NCBIGene:2908', 'NCBIGene:301', 'NCBIGene:5321', 'NCBIGene:5742', 'NCBIGene:5743', 'GO:0019370', 'GO:0001516', 'GO:0006954', 'UBERON:0001769', 'MONDO:0006814']",11,100.0
DB01380_MESH_D011565_1,"['PUBCHEM.COMPOUND:222786', 'NCBIGene:2908', 'NCBIGene:301', 'NCBIGene:5321', 'NCBIGene:5742', 'NCBIGene:5743', 'GO:0019370', 'GO:0001516', 'GO:0006954', 'MONDO:0002406', 'MONDO:0005083']",11,100.0
DB01380_MESH_D013717_1,"['PUBCHEM.COMPOUND:222786', 'NCBIGene:2908', 'NCBIGene:301', 'NCBIGene:5321', 'NCBIGene:5742', 'NCBIGene:5743', 'GO:0019370', 'GO:0001516', 'GO:0006954', 'UBERON:0011233', 'MONDO:0004855']",11,100.0
DB01380_MESH_D012214_1,"['PUBCHEM.COMPOUND:222786', 'NCBIGene:2908', 'NCBIGene:301', 'NCBIGene:5321', 'NCBIGene:5742', 'NCBIGene:5743', 'GO:0019370', 'GO:0001516', 'GO:0006954', 'MONDO:0002869', 'MONDO:0006955']",11,100.0
DB01380_MESH_D065631_1,"['PUBCHEM.COMPOUND:222786', 'NCBIGene:2908', 'NCBIGene:301', 'NCBIGene:5321', 'NCBIGene:5742', 'NCBIGene:5743', 'GO:0019370', 'GO:0001516', 'GO:0006954', 'UBERON:0001826', 'MONDO:0011786']",11,100.0
DB00860_MESH_D001607_1,"['PUBCHEM.COMPOUND:5755', 'NCBIGene:2908', 'NCBIGene:301', 'NCBIGene:5321', 'NCBIGene:5742', 'NCBIGene:5743', 'GO:0019370', 'GO:0001516', 'GO:0006954', 'UBERON:0002185', 'MONDO:0015274']",11,100.0
DB00860_MESH_D001327_1,"['PUBCHEM.COMPOUND:5755', 'NCBIGene:2908', 'NCBIGene:301', 'NCBIGene:5321', 'NCBIGene:5742', 'NCBIGene:5743', 'GO:0019370', 'GO:0001516', 'GO:0006954', 'MONDO:0007179', 'MONDO:0007179']",11,100.0
DB00860_MESH_D001249_1,"['PUBCHEM.COMPOUND:5755', 'NCBIGene:2908', 'NCBIGene:301', 'NCBIGene:5321', 'NCBIGene:5742', 'NCBIGene:5743', 'GO:0019370', 'GO:0001516', 'GO:0006954', 'UBERON:0002185', 'MONDO:0004979']",11,100.0
DB00860_MESH_D001229_1,"['PUBCHEM.COMPOUND:5755', 'NCBIGene:2908', 'NCBIGene:301', 'NCBIGene:5321', 'NCBIGene:5742', 'NCBIGene:5743', 'GO:0019370', 'GO:0001516', 'GO:0006954', 'NCBITaxon:746128', 'UMLS:C1445421', 'MONDO:0015243']",11,100.0
DB00860_MESH_D001172_1,"['PUBCHEM.COMPOUND:5755', 'NCBIGene:2908', 'NCBIGene:301', 'NCBIGene:5321', 'NCBIGene:5742', 'NCBIGene:5743', 'GO:0019370', 'GO:0001516', 'GO:0006954', 'HP:0001386', 'MONDO:0008383']",11,100.0
DB00860_MESH_D015535_1,"['PUBCHEM.COMPOUND:5755', 'NCBIGene:2908', 'NCBIGene:301', 'NCBIGene:5321', 'NCBIGene:5742', 'NCBIGene:5743', 'GO:0019370', 'GO:0001516', 'GO:0006954', 'MONDO:0005083', 'MONDO:0011849']",11,100.0
DB00860_MESH_D001171_1,"['PUBCHEM.COMPOUND:5755', 'NCBIGene:2908', 'NCBIGene:301', 'NCBIGene:5321', 'NCBIGene:5742', 'NCBIGene:5743', 'GO:0019370', 'GO:0001516', 'GO:0006954', 'HP:0001386', 'MONDO:0011429']",11,100.0
DB00860_MESH_D015210_1,"['PUBCHEM.COMPOUND:5755', 'NCBIGene:2908', 'NCBIGene:301', 'NCBIGene:5321', 'NCBIGene:5742', 'NCBIGene:5743', 'GO:0019370', 'GO:0001516', 'GO:0006954', 'HP:0001386', 'MONDO:0005393']",11,100.0
DB00860_MESH_D000799_1,"['PUBCHEM.COMPOUND:5755', 'NCBIGene:2908', 'NCBIGene:301', 'NCBIGene:5321', 'NCBIGene:5742', 'NCBIGene:5743', 'GO:0019370', 'GO:0001516', 'GO:0006954', 'UBERON:0002067', 'MONDO:0010481']",11,100.0
DB00860_MESH_D000744_1,"['PUBCHEM.COMPOUND:5755', 'NCBIGene:2908', 'NCBIGene:301', 'NCBIGene:5321', 'NCBIGene:5742', 'NCBIGene:5743', 'GO:0019370', 'GO:0001516', 'GO:0006954', 'MONDO:0003664', 'MONDO:0020108']",11,100.0
DB00860_MESH_D029503_1,"['PUBCHEM.COMPOUND:5755', 'NCBIGene:2908', 'NCBIGene:301', 'NCBIGene:5321', 'NCBIGene:5742', 'NCBIGene:5743', 'GO:0019370', 'GO:0001516', 'GO:0006954', 'HP:0001908', 'MONDO:0015253']",11,100.0
DB00860_MESH_D000542_1,"['PUBCHEM.COMPOUND:5755', 'NCBIGene:2908', 'NCBIGene:301', 'NCBIGene:5321', 'NCBIGene:5742', 'NCBIGene:5743', 'GO:0019370', 'GO:0001516', 'GO:0006954', 'MONDO:0005271', 'MONDO:0017853']",11,100.0
DB01380_MESH_D014605_1,"['PUBCHEM.COMPOUND:222786', 'NCBIGene:2908', 'NCBIGene:301', 'NCBIGene:5321', 'NCBIGene:5742', 'NCBIGene:5743', 'GO:0019370', 'GO:0001516', 'GO:0006954', 'UBERON:0001768', 'MONDO:0020283']",11,100.0
DB06718_MESH_D010673_1,"['PUBCHEM.COMPOUND:4768', 'NCBIGene:148', 'NCBIGene:150', 'NCBIGene:152', 'NCBIGene:146', 'NCBIGene:151', 'NCBIGene:147', 'GO:0042310', 'UMLS:C0042380', 'HP:0002640', 'MONDO:0008233']",11,100.0
DB01380_MESH_D014235_1,"['PUBCHEM.COMPOUND:222786', 'NCBIGene:2908', 'NCBIGene:301', 'NCBIGene:5321', 'NCBIGene:5742', 'NCBIGene:5743', 'GO:0019370', 'GO:0001516', 'GO:0006954', 'NCBITaxon:6333', 'MONDO:0019444']",11,100.0
DB01380_MESH_D014008_1,"['PUBCHEM.COMPOUND:222786', 'NCBIGene:2908', 'NCBIGene:301', 'NCBIGene:5321', 'NCBIGene:5742', 'NCBIGene:5743', 'GO:0019370', 'GO:0001516', 'GO:0006954', 'HP:0000989', 'MONDO:0005984']",11,100.0
DB01380_MESH_D013966_1,"['PUBCHEM.COMPOUND:222786', 'NCBIGene:2908', 'NCBIGene:301', 'NCBIGene:5321', 'NCBIGene:5742', 'NCBIGene:5743', 'GO:0019370', 'GO:0001516', 'GO:0006954', 'UBERON:0002046', 'MONDO:0004126']",11,100.0
DB01380_MESH_D015212_1,"['PUBCHEM.COMPOUND:222786', 'NCBIGene:2908', 'NCBIGene:301', 'NCBIGene:5321', 'NCBIGene:5742', 'NCBIGene:5743', 'GO:0019370', 'GO:0001516', 'GO:0006954', 'UBERON:0001555', 'MONDO:0005265']",11,100.0
DB01380_MESH_D013585_1,"['PUBCHEM.COMPOUND:222786', 'NCBIGene:2908', 'NCBIGene:301', 'NCBIGene:5321', 'NCBIGene:5742', 'NCBIGene:5743', 'GO:0019370', 'GO:0001516', 'GO:0006954', 'UBERON:0002018', 'MONDO:0002400']",11,100.0
DB01380_MESH_D013281_1,"['PUBCHEM.COMPOUND:222786', 'NCBIGene:2908', 'NCBIGene:301', 'NCBIGene:5321', 'NCBIGene:5742', 'NCBIGene:5743', 'GO:0019370', 'GO:0001516', 'GO:0006954', 'UBERON:0003729', 'MONDO:0005318']",11,100.0
DB01380_MESH_D013167_1,"['PUBCHEM.COMPOUND:222786', 'NCBIGene:2908', 'NCBIGene:301', 'NCBIGene:5321', 'NCBIGene:5742', 'NCBIGene:5743', 'GO:0019370', 'GO:0001516', 'GO:0006954', 'MONDO:0003937', 'MONDO:0005306']",11,100.0
DB01380_MESH_D012871_1,"['PUBCHEM.COMPOUND:222786', 'NCBIGene:2908', 'NCBIGene:301', 'NCBIGene:5321', 'NCBIGene:5742', 'NCBIGene:5743', 'GO:0019370', 'GO:0001516', 'GO:0006954', 'MONDO:0002406', 'MONDO:0005093']",11,100.0
DB01380_MESH_D012393_1,"['PUBCHEM.COMPOUND:222786', 'NCBIGene:2908', 'NCBIGene:301', 'NCBIGene:5321', 'NCBIGene:5742', 'NCBIGene:5743', 'GO:0019370', 'GO:0001516', 'GO:0006954', 'MONDO:0002406', 'MONDO:0006604']",11,100.0
DB01380_MESH_D015863_1,"['PUBCHEM.COMPOUND:222786', 'NCBIGene:2908', 'NCBIGene:301', 'NCBIGene:5321', 'NCBIGene:5742', 'NCBIGene:5743', 'GO:0019370', 'GO:0001516', 'GO:0006954', 'UBERON:0001769', 'MONDO:0004773']",11,100.0
DB01380_MESH_D003874_1,"['PUBCHEM.COMPOUND:222786', 'NCBIGene:2908', 'NCBIGene:301', 'NCBIGene:5321', 'NCBIGene:5742', 'NCBIGene:5743', 'GO:0019370', 'GO:0001516', 'GO:0006954', 'MONDO:0002406', 'MONDO:0015614']",11,100.0
DB01380_MESH_D006689_1,"['PUBCHEM.COMPOUND:222786', 'NCBIGene:2908', 'NCBIGene:301', 'NCBIGene:5321', 'NCBIGene:5742', 'NCBIGene:5743', 'GO:0019370', 'GO:0001516', 'GO:0006954', 'MONDO:0005157', 'MONDO:0004952']",11,100.0
DB01380_MESH_D006484_1,"['PUBCHEM.COMPOUND:222786', 'NCBIGene:2908', 'NCBIGene:301', 'NCBIGene:5321', 'NCBIGene:5742', 'NCBIGene:5743', 'GO:0019370', 'GO:0001516', 'GO:0006954', 'UBERON:0000159', 'MONDO:0004872']",11,100.0
DB00620_MESH_D014235_1,"['PUBCHEM.COMPOUND:6216', 'NCBIGene:2908', 'NCBIGene:301', 'NCBIGene:5321', 'NCBIGene:5742', 'NCBIGene:5743', 'GO:0019370', 'GO:0001516', 'GO:0006954', 'NCBITaxon:6333', 'MONDO:0019444']",11,100.0
DB00620_MESH_D013966_1,"['PUBCHEM.COMPOUND:6216', 'NCBIGene:2908', 'NCBIGene:301', 'NCBIGene:5321', 'NCBIGene:5742', 'NCBIGene:5743', 'GO:0019370', 'GO:0001516', 'GO:0006954', 'UBERON:0002046', 'MONDO:0004126']",11,100.0
DB00620_MESH_D013717_1,"['PUBCHEM.COMPOUND:6216', 'NCBIGene:2908', 'NCBIGene:301', 'NCBIGene:5321', 'NCBIGene:5742', 'NCBIGene:5743', 'GO:0019370', 'GO:0001516', 'GO:0006954', 'UBERON:0011233', 'MONDO:0004855']",11,100.0
DB00620_MESH_D012871_1,"['PUBCHEM.COMPOUND:6216', 'NCBIGene:2908', 'NCBIGene:301', 'NCBIGene:5321', 'NCBIGene:5742', 'NCBIGene:5743', 'GO:0019370', 'GO:0001516', 'GO:0006954', 'MONDO:0002406', 'MONDO:0005093']",11,100.0
DB00620_MESH_D065631_1,"['PUBCHEM.COMPOUND:6216', 'NCBIGene:2908', 'NCBIGene:301', 'NCBIGene:5321', 'NCBIGene:5742', 'NCBIGene:5743', 'GO:0019370', 'GO:0001516', 'GO:0006954', 'UBERON:0001826', 'MONDO:0011786']",11,100.0
DB00620_MESH_D011657_1,"['PUBCHEM.COMPOUND:6216', 'NCBIGene:2908', 'NCBIGene:301', 'NCBIGene:5321', 'NCBIGene:5742', 'NCBIGene:5743', 'GO:0019370', 'GO:0001516', 'GO:0006954', 'GO:0048245', 'MONDO:0004802']",11,100.0
DB00620_MESH_D011015_1,"['PUBCHEM.COMPOUND:6216', 'NCBIGene:2908', 'NCBIGene:301', 'NCBIGene:5321', 'NCBIGene:5742', 'NCBIGene:5743', 'GO:0019370', 'GO:0001516', 'GO:0006954', 'UBERON:0002048', 'MONDO:0000265']",11,100.0
DB00620_MESH_D010392_1,"['PUBCHEM.COMPOUND:6216', 'NCBIGene:2908', 'NCBIGene:301', 'NCBIGene:5321', 'NCBIGene:5742', 'NCBIGene:5743', 'GO:0019370', 'GO:0001516', 'GO:0006954', 'HP:0008066', 'MONDO:0006594']",11,100.0
DB00620_MESH_D009140_1,"['PUBCHEM.COMPOUND:6216', 'NCBIGene:2908', 'NCBIGene:301', 'NCBIGene:5321', 'NCBIGene:5742', 'NCBIGene:5743', 'GO:0019370', 'GO:0001516', 'GO:0006954', 'HP:0012531', 'MONDO:0002081']",11,100.0
DB00620_MESH_D007819_1,"['PUBCHEM.COMPOUND:6216', 'NCBIGene:2908', 'NCBIGene:301', 'NCBIGene:5321', 'NCBIGene:5742', 'NCBIGene:5743', 'GO:0019370', 'GO:0001516', 'GO:0006954', 'UBERON:0001737', 'HP:0012027']",11,100.0
DB00620_MESH_D003874_1,"['PUBCHEM.COMPOUND:6216', 'NCBIGene:2908', 'NCBIGene:301', 'NCBIGene:5321', 'NCBIGene:5742', 'NCBIGene:5743', 'GO:0019370', 'GO:0001516', 'GO:0006954', 'MONDO:0002406', 'MONDO:0015614']",11,100.0
DB00620_MESH_D003876_1,"['PUBCHEM.COMPOUND:6216', 'NCBIGene:2908', 'NCBIGene:301', 'NCBIGene:5321', 'NCBIGene:5742', 'NCBIGene:5743', 'GO:0019370', 'GO:0001516', 'GO:0006954', 'MONDO:0002406', 'MONDO:0011292']",11,100.0
DB00620_MESH_D003424_2,"['PUBCHEM.COMPOUND:6216', 'NCBIGene:2908', 'NCBIGene:301', 'NCBIGene:5321', 'NCBIGene:5742', 'NCBIGene:5743', 'GO:0019370', 'GO:0001516', 'GO:0006954', 'UBERON:0001555', 'MONDO:0005011']",11,100.0
DB00620_MESH_D001929_1,"['PUBCHEM.COMPOUND:6216', 'NCBIGene:2908', 'NCBIGene:301', 'NCBIGene:5321', 'NCBIGene:5742', 'NCBIGene:5743', 'GO:0019370', 'GO:0001516', 'GO:0006954', 'UBERON:0000955', 'MONDO:0006684']",11,100.0
DB00620_MESH_D001607_1,"['PUBCHEM.COMPOUND:6216', 'NCBIGene:2908', 'NCBIGene:301', 'NCBIGene:5321', 'NCBIGene:5742', 'NCBIGene:5743', 'GO:0019370', 'GO:0001516', 'GO:0006954', 'UBERON:0002185', 'MONDO:0015274']",11,100.0
DB00620_MESH_D015535_1,"['PUBCHEM.COMPOUND:6216', 'NCBIGene:2908', 'NCBIGene:301', 'NCBIGene:5321', 'NCBIGene:5742', 'NCBIGene:5743', 'GO:0019370', 'GO:0001516', 'GO:0006954', 'MONDO:0005083', 'MONDO:0011849']",11,100.0
DB00620_MESH_D014605_1,"['PUBCHEM.COMPOUND:6436', 'NCBIGene:2908', 'NCBIGene:301', 'NCBIGene:5321', 'NCBIGene:5742', 'NCBIGene:5743', 'GO:0019370', 'GO:0001516', 'GO:0006954', 'UBERON:0001768', 'MONDO:0020283']",11,100.0
DB00620_MESH_D006255_1,"['PUBCHEM.COMPOUND:6436', 'NCBIGene:2908', 'NCBIGene:301', 'NCBIGene:5321', 'NCBIGene:5742', 'NCBIGene:5743', 'GO:0019370', 'GO:0001516', 'GO:0006954', 'UBERON:0001826', 'MONDO:0005324']",11,100.0
DB00180_MESH_D001249_1,"['PUBCHEM.COMPOUND:82153', 'NCBIGene:2908', 'NCBIGene:301', 'NCBIGene:5321', 'NCBIGene:5743', 'PUBCHEM.COMPOUND:6145931', 'GO:0006954', 'PUBCHEM.COMPOUND:5280878', 'GO:0006939', 'GO:0043117', 'MONDO:0004979']",11,100.0
DB00620_MESH_D009182_1,"['PUBCHEM.COMPOUND:6436', 'NCBIGene:2908', 'NCBIGene:301', 'NCBIGene:5321', 'NCBIGene:5742', 'NCBIGene:5743', 'GO:0019370', 'GO:0001516', 'GO:0006954', 'MONDO:0006547', 'MONDO:0009691']",11,100.0
DB00180_MESH_D065631_1,"['PUBCHEM.COMPOUND:82153', 'NCBIGene:2908', 'NCBIGene:301', 'NCBIGene:5321', 'NCBIGene:5743', 'PUBCHEM.COMPOUND:6145931', 'GO:0006954', 'PUBCHEM.COMPOUND:5280878', 'GO:0070254', 'GO:0043117', 'MONDO:0011786']",11,100.0
DB00620_MESH_D008228_1,"['PUBCHEM.COMPOUND:6436', 'NCBIGene:2908', 'NCBIGene:301', 'NCBIGene:5321', 'NCBIGene:5742', 'NCBIGene:5743', 'GO:0019370', 'GO:0001516', 'GO:0006954', 'MONDO:0005157', 'MONDO:0018908']",11,100.0
DB00620_MESH_D015212_1,"['PUBCHEM.COMPOUND:6436', 'NCBIGene:2908', 'NCBIGene:301', 'NCBIGene:5321', 'NCBIGene:5742', 'NCBIGene:5743', 'GO:0019370', 'GO:0001516', 'GO:0006954', 'UBERON:0001555', 'MONDO:0005265']",11,100.0
DB00620_MESH_D016460_1,"['PUBCHEM.COMPOUND:6436', 'NCBIGene:2908', 'NCBIGene:301', 'NCBIGene:5321', 'NCBIGene:5742', 'NCBIGene:5743', 'GO:0019370', 'GO:0001516', 'GO:0006954', 'MONDO:0002406', 'MONDO:0006554']",11,100.0
DB00620_MESH_D013700_1,"['PUBCHEM.COMPOUND:6436', 'NCBIGene:2908', 'NCBIGene:301', 'NCBIGene:5321', 'NCBIGene:5742', 'NCBIGene:5743', 'GO:0019370', 'GO:0001516', 'GO:0006954', 'HP:0000572', 'MONDO:0008538']",11,100.0
DB00620_MESH_D000506_1,"['PUBCHEM.COMPOUND:21826', 'NCBIGene:2908', 'NCBIGene:301', 'NCBIGene:5321', 'NCBIGene:5742', 'NCBIGene:5743', 'GO:0019370', 'GO:0001516', 'GO:0006954', 'MONDO:0007179', 'MONDO:0000687']",11,100.0
DB00620_MESH_D007627_1,"['PUBCHEM.COMPOUND:21826', 'NCBIGene:2908', 'NCBIGene:301', 'NCBIGene:5321', 'NCBIGene:5742', 'NCBIGene:5743', 'GO:0019370', 'GO:0001516', 'GO:0006954', 'HP:0000987', 'MONDO:0005348']",11,100.0
DB00620_MESH_D008010_1,"['PUBCHEM.COMPOUND:21826', 'NCBIGene:2908', 'NCBIGene:301', 'NCBIGene:5321', 'NCBIGene:5742', 'NCBIGene:5743', 'GO:0019370', 'GO:0001516', 'GO:0006954', 'HP:0000989', 'MONDO:0006572']",11,100.0
DB01380_MESH_D002062_1,"['PUBCHEM.COMPOUND:222786', 'NCBIGene:2908', 'NCBIGene:301', 'NCBIGene:5321', 'NCBIGene:5742', 'NCBIGene:5743', 'GO:0019370', 'GO:0001516', 'GO:0006954', 'UBERON:0003668', 'MONDO:0002471']",11,100.0
DB01380_MESH_D016460_1,"['PUBCHEM.COMPOUND:222786', 'NCBIGene:2908', 'NCBIGene:301', 'NCBIGene:5321', 'NCBIGene:5742', 'NCBIGene:5743', 'GO:0019370', 'GO:0001516', 'GO:0006954', 'MONDO:0002406', 'MONDO:0006554']",11,100.0
DB01380_MESH_D005076_1,"['PUBCHEM.COMPOUND:222786', 'NCBIGene:2908', 'NCBIGene:301', 'NCBIGene:5321', 'NCBIGene:5742', 'NCBIGene:5743', 'GO:0019370', 'GO:0001516', 'GO:0006954', 'MONDO:0006547', 'MONDO:0006547']",11,100.0
DB01380_MESH_D012628_1,"['PUBCHEM.COMPOUND:222786', 'NCBIGene:2908', 'NCBIGene:301', 'NCBIGene:5321', 'NCBIGene:5742', 'NCBIGene:5743', 'GO:0019370', 'GO:0001516', 'GO:0006954', 'MONDO:0002406', 'MONDO:0006608']",11,100.0
DB00860_MESH_D002062_1,"['PUBCHEM.COMPOUND:5755', 'NCBIGene:2908', 'NCBIGene:301', 'NCBIGene:5321', 'NCBIGene:5742', 'NCBIGene:5743', 'GO:0019370', 'GO:0001516', 'GO:0006954', 'UBERON:0003668', 'MONDO:0002471']",11,100.0
DB01380_MESH_D003873_1,"['PUBCHEM.COMPOUND:222786', 'NCBIGene:2908', 'NCBIGene:301', 'NCBIGene:5321', 'NCBIGene:5742', 'NCBIGene:5743', 'GO:0019370', 'GO:0001516', 'GO:0006954', 'MONDO:0002406', 'MONDO:0043233']",11,100.0
DB01380_MESH_D003877_1,"['PUBCHEM.COMPOUND:222786', 'NCBIGene:2908', 'NCBIGene:301', 'NCBIGene:5321', 'NCBIGene:5742', 'NCBIGene:5743', 'GO:0019370', 'GO:0001516', 'GO:0006954', 'MONDO:0002406', 'MONDO:0005480']",11,100.0
DB01380_MESH_D003876_1,"['PUBCHEM.COMPOUND:222786', 'NCBIGene:2908', 'NCBIGene:301', 'NCBIGene:5321', 'NCBIGene:5742', 'NCBIGene:5743', 'GO:0019370', 'GO:0001516', 'GO:0006954', 'MONDO:0002406', 'MONDO:0011292']",11,100.0
DB01380_MESH_D003424_1,"['PUBCHEM.COMPOUND:222786', 'NCBIGene:2908', 'NCBIGene:301', 'NCBIGene:5321', 'NCBIGene:5742', 'NCBIGene:5743', 'GO:0019370', 'GO:0001516', 'GO:0006954', 'UBERON:0001555', 'MONDO:0005011']",11,100.0
DB01380_MESH_D003320_1,"['PUBCHEM.COMPOUND:222786', 'NCBIGene:2908', 'NCBIGene:301', 'NCBIGene:5321', 'NCBIGene:5742', 'NCBIGene:5743', 'GO:0019370', 'GO:0001516', 'GO:0006954', 'UBERON:0000964', 'MONDO:0004577']",11,100.0
DB01380_MESH_D003233_1,"['PUBCHEM.COMPOUND:222786', 'NCBIGene:2908', 'NCBIGene:301', 'NCBIGene:5321', 'NCBIGene:5742', 'NCBIGene:5743', 'GO:0019370', 'GO:0001516', 'GO:0006954', 'UBERON:0001811', 'MONDO:0005642']",11,100.0
DB01380_MESH_D003093_1,"['PUBCHEM.COMPOUND:222786', 'NCBIGene:2908', 'NCBIGene:301', 'NCBIGene:5321', 'NCBIGene:5742', 'NCBIGene:5743', 'GO:0019370', 'GO:0001516', 'GO:0006954', 'UBERON:0001155', 'MONDO:0005101']",11,100.0
DB01380_MESH_D001929_1,"['PUBCHEM.COMPOUND:222786', 'NCBIGene:2908', 'NCBIGene:301', 'NCBIGene:5321', 'NCBIGene:5742', 'NCBIGene:5743', 'GO:0019370', 'GO:0001516', 'GO:0006954', 'UBERON:0000955', 'MONDO:0006684']",11,100.0
DB00620_MESH_D008179_1,"['PUBCHEM.COMPOUND:21826', 'NCBIGene:2908', 'NCBIGene:301', 'NCBIGene:5321', 'NCBIGene:5742', 'NCBIGene:5743', 'GO:0019370', 'GO:0001516', 'GO:0006954', 'MONDO:0007179', 'MONDO:0019558']",11,100.0
DB01380_MESH_D001607_1,"['PUBCHEM.COMPOUND:222786', 'NCBIGene:2908', 'NCBIGene:301', 'NCBIGene:5321', 'NCBIGene:5742', 'NCBIGene:5743', 'GO:0019370', 'GO:0001516', 'GO:0006954', 'UBERON:0002185', 'MONDO:0015274']",11,100.0
DB01380_MESH_D001327_1,"['PUBCHEM.COMPOUND:222786', 'NCBIGene:2908', 'NCBIGene:301', 'NCBIGene:5321', 'NCBIGene:5742', 'NCBIGene:5743', 'GO:0019370', 'GO:0001516', 'GO:0006954', 'MONDO:0007179', 'MONDO:0007179']",11,100.0
DB01380_MESH_D001249_1,"['PUBCHEM.COMPOUND:222786', 'NCBIGene:2908', 'NCBIGene:301', 'NCBIGene:5321', 'NCBIGene:5742', 'NCBIGene:5743', 'GO:0019370', 'GO:0001516', 'GO:0006954', 'UBERON:0002185', 'MONDO:0004979']",11,100.0
DB01380_MESH_D001172_1,"['PUBCHEM.COMPOUND:222786', 'NCBIGene:2908', 'NCBIGene:301', 'NCBIGene:5321', 'NCBIGene:5742', 'NCBIGene:5743', 'GO:0019370', 'GO:0001516', 'GO:0006954', 'HP:0001386', 'MONDO:0008383']",11,100.0
DB01380_MESH_D015535_1,"['PUBCHEM.COMPOUND:222786', 'NCBIGene:2908', 'NCBIGene:301', 'NCBIGene:5321', 'NCBIGene:5742', 'NCBIGene:5743', 'GO:0019370', 'GO:0001516', 'GO:0006954', 'MONDO:0005083', 'MONDO:0011849']",11,100.0
DB01380_MESH_D001171_1,"['PUBCHEM.COMPOUND:222786', 'NCBIGene:2908', 'NCBIGene:301', 'NCBIGene:5321', 'NCBIGene:5742', 'NCBIGene:5743', 'GO:0019370', 'GO:0001516', 'GO:0006954', 'HP:0001386', 'MONDO:0011429']",11,100.0
DB01380_MESH_D015210_1,"['PUBCHEM.COMPOUND:222786', 'NCBIGene:2908', 'NCBIGene:301', 'NCBIGene:5321', 'NCBIGene:5742', 'NCBIGene:5743', 'GO:0019370', 'GO:0001516', 'GO:0006954', 'HP:0001386', 'MONDO:0005393']",11,100.0
DB01380_MESH_D000799_1,"['PUBCHEM.COMPOUND:222786', 'NCBIGene:2908', 'NCBIGene:301', 'NCBIGene:5321', 'NCBIGene:5742', 'NCBIGene:5743', 'GO:0019370', 'GO:0001516', 'GO:0006954', 'UBERON:0002067', 'MONDO:0010481']",11,100.0
DB01380_MESH_D000744_1,"['PUBCHEM.COMPOUND:222786', 'NCBIGene:2908', 'NCBIGene:301', 'NCBIGene:5321', 'NCBIGene:5742', 'NCBIGene:5743', 'GO:0019370', 'GO:0001516', 'GO:0006954', 'MONDO:0003664', 'MONDO:0020108']",11,100.0
DB01380_MESH_D029503_1,"['PUBCHEM.COMPOUND:222786', 'NCBIGene:2908', 'NCBIGene:301', 'NCBIGene:5321', 'NCBIGene:5742', 'NCBIGene:5743', 'GO:0019370', 'GO:0001516', 'GO:0006954', 'HP:0001908', 'MONDO:0015253']",11,100.0
DB00620_MESH_D009450_1,"['PUBCHEM.COMPOUND:21826', 'NCBIGene:2908', 'NCBIGene:301', 'NCBIGene:5321', 'NCBIGene:5742', 'NCBIGene:5743', 'GO:0019370', 'GO:0001516', 'GO:0006954', 'HP:0000989', 'MONDO:0006585']",11,100.0
DB00860_MESH_D001929_1,"['PUBCHEM.COMPOUND:5755', 'NCBIGene:2908', 'NCBIGene:301', 'NCBIGene:5321', 'NCBIGene:5742', 'NCBIGene:5743', 'GO:0019370', 'GO:0001516', 'GO:0006954', 'UBERON:0000955', 'MONDO:0006684']",11,100.0
DB00860_MESH_D003874_1,"['PUBCHEM.COMPOUND:5755', 'NCBIGene:2908', 'NCBIGene:301', 'NCBIGene:5321', 'NCBIGene:5742', 'NCBIGene:5743', 'GO:0019370', 'GO:0001516', 'GO:0006954', 'MONDO:0002406', 'MONDO:0015614']",11,100.0
DB00860_MESH_D003093_1,"['PUBCHEM.COMPOUND:5755', 'NCBIGene:2908', 'NCBIGene:301', 'NCBIGene:5321', 'NCBIGene:5742', 'NCBIGene:5743', 'GO:0019370', 'GO:0001516', 'GO:0006954', 'UBERON:0001155', 'MONDO:0005101']",11,100.0
DB00668_MESH_D011656_1,"['PUBCHEM.COMPOUND:5816', 'NCBIGene:148', 'NCBIGene:147', 'NCBIGene:146', 'NCBIGene:150', 'NCBIGene:151', 'NCBIGene:153', 'NCBIGene:154', 'GO:0042310', 'UBERON:0001005', 'MONDO:0004849']",11,100.0
DB00443_MESH_D003877_1,"['PUBCHEM.COMPOUND:443967', 'NCBIGene:2908', 'NCBIGene:301', 'NCBIGene:5321', 'NCBIGene:5742', 'NCBIGene:5743', 'GO:0019370', 'GO:0001516', 'GO:0006954', 'MONDO:0002406', 'MONDO:0005480']",11,100.0
DB00443_MESH_D003876_1,"['PUBCHEM.COMPOUND:443967', 'NCBIGene:2908', 'NCBIGene:301', 'NCBIGene:5321', 'NCBIGene:5742', 'NCBIGene:5743', 'GO:0019370', 'GO:0001516', 'GO:0006954', 'MONDO:0002406', 'MONDO:0011292']",11,100.0
DB00443_MESH_D003424_2,"['PUBCHEM.COMPOUND:443967', 'NCBIGene:2908', 'NCBIGene:301', 'NCBIGene:5321', 'NCBIGene:5742', 'NCBIGene:5743', 'GO:0019370', 'GO:0001516', 'GO:0006954', 'UBERON:0001555', 'MONDO:0005011']",11,100.0
DB00443_MESH_D015535_1,"['PUBCHEM.COMPOUND:443967', 'NCBIGene:2908', 'NCBIGene:301', 'NCBIGene:5321', 'NCBIGene:5742', 'NCBIGene:5743', 'GO:0019370', 'GO:0001516', 'GO:0006954', 'MONDO:0005083', 'MONDO:0011849']",11,100.0
DB00443_MESH_D015210_1,"['PUBCHEM.COMPOUND:443967', 'NCBIGene:2908', 'NCBIGene:301', 'NCBIGene:5321', 'NCBIGene:5742', 'NCBIGene:5743', 'GO:0019370', 'GO:0001516', 'GO:0006954', 'HP:0001386', 'MONDO:0005393']",11,100.0
DB00443_MESH_D000799_1,"['PUBCHEM.COMPOUND:443967', 'NCBIGene:2908', 'NCBIGene:301', 'NCBIGene:5321', 'NCBIGene:5742', 'NCBIGene:5743', 'GO:0019370', 'GO:0001516', 'GO:0006954', 'UBERON:0002067', 'MONDO:0010481']",11,100.0
DB00443_MESH_D000744_1,"['PUBCHEM.COMPOUND:443967', 'NCBIGene:2908', 'NCBIGene:301', 'NCBIGene:5321', 'NCBIGene:5742', 'NCBIGene:5743', 'GO:0019370', 'GO:0001516', 'GO:0006954', 'MONDO:0003664', 'MONDO:0020108']",11,100.0
DB00668_MESH_D001991_1,"['PUBCHEM.COMPOUND:5816', 'NCBIGene:148', 'NCBIGene:147', 'NCBIGene:146', 'NCBIGene:150', 'NCBIGene:151', 'NCBIGene:153', 'NCBIGene:154', 'GO:0042310', 'UBERON:0001005', 'MONDO:0003781']",11,100.0
DB00443_MESH_D014235_1,"['PUBCHEM.COMPOUND:9782', 'NCBIGene:2908', 'NCBIGene:301', 'NCBIGene:5321', 'NCBIGene:5742', 'NCBIGene:5743', 'GO:0019370', 'GO:0001516', 'GO:0006954', 'NCBITaxon:6333', 'MONDO:0019444']",11,100.0
DB00443_MESH_D014008_1,"['PUBCHEM.COMPOUND:9782', 'NCBIGene:2908', 'NCBIGene:301', 'NCBIGene:5321', 'NCBIGene:5742', 'NCBIGene:5743', 'GO:0019370', 'GO:0001516', 'GO:0006954', 'HP:0000989', 'MONDO:0005984']",11,100.0
DB00443_MESH_D013966_1,"['PUBCHEM.COMPOUND:9782', 'NCBIGene:2908', 'NCBIGene:301', 'NCBIGene:5321', 'NCBIGene:5742', 'NCBIGene:5743', 'GO:0019370', 'GO:0001516', 'GO:0006954', 'UBERON:0002046', 'MONDO:0004126']",11,100.0
DB00668_MESH_D012135_1,"['PUBCHEM.COMPOUND:5816', 'NCBIGene:148', 'NCBIGene:147', 'NCBIGene:146', 'NCBIGene:150', 'NCBIGene:151', 'NCBIGene:153', 'NCBIGene:154', 'GO:0042310', 'UBERON:0001005', 'MESH:D012135']",11,100.0
DB00860_MESH_D003233_1,"['PUBCHEM.COMPOUND:5755', 'NCBIGene:2908', 'NCBIGene:301', 'NCBIGene:5321', 'NCBIGene:5742', 'NCBIGene:5743', 'GO:0019370', 'GO:0001516', 'GO:0006954', 'UBERON:0001811', 'MONDO:0005642']",11,100.0
DB00443_MESH_D012871_1,"['PUBCHEM.COMPOUND:9782', 'NCBIGene:2908', 'NCBIGene:301', 'NCBIGene:5321', 'NCBIGene:5742', 'NCBIGene:5743', 'GO:0019370', 'GO:0001516', 'GO:0006954', 'MONDO:0002406', 'MONDO:0005093']",11,100.0
DB00668_MESH_D004417_1,"['PUBCHEM.COMPOUND:5816', 'NCBIGene:148', 'NCBIGene:147', 'NCBIGene:146', 'NCBIGene:150', 'NCBIGene:151', 'NCBIGene:153', 'NCBIGene:154', 'GO:0042310', 'UBERON:0001005', 'HP:0002094']",11,100.0
DB00443_MESH_D012536_1,"['PUBCHEM.COMPOUND:9782', 'NCBIGene:2908', 'NCBIGene:301', 'NCBIGene:5321', 'NCBIGene:5742', 'NCBIGene:5743', 'GO:0019370', 'GO:0001516', 'GO:0006954', 'UBERON:0000403', 'MONDO:0006605']",11,100.0
DB00443_MESH_D065631_1,"['PUBCHEM.COMPOUND:9782', 'NCBIGene:2908', 'NCBIGene:301', 'NCBIGene:5321', 'NCBIGene:5742', 'NCBIGene:5743', 'GO:0019370', 'GO:0001516', 'GO:0006954', 'UBERON:0001826', 'MONDO:0011786']",11,100.0
DB00443_MESH_D009450_1,"['PUBCHEM.COMPOUND:9782', 'NCBIGene:2908', 'NCBIGene:301', 'NCBIGene:5321', 'NCBIGene:5742', 'NCBIGene:5743', 'GO:0019370', 'GO:0001516', 'GO:0006954', 'HP:0000989', 'MONDO:0006585']",11,100.0
DB00443_MESH_D009182_1,"['PUBCHEM.COMPOUND:9782', 'NCBIGene:2908', 'NCBIGene:301', 'NCBIGene:5321', 'NCBIGene:5742', 'NCBIGene:5743', 'GO:0019370', 'GO:0001516', 'GO:0006954', 'MONDO:0006547', 'MONDO:0009691']",11,100.0
DB00443_MESH_D009140_1,"['PUBCHEM.COMPOUND:9782', 'NCBIGene:2908', 'NCBIGene:301', 'NCBIGene:5321', 'NCBIGene:5742', 'NCBIGene:5743', 'GO:0019370', 'GO:0001516', 'GO:0006954', 'HP:0012531', 'MONDO:0002081']",11,100.0
DB00443_MESH_D008224_1,"['PUBCHEM.COMPOUND:9782', 'NCBIGene:2908', 'NCBIGene:301', 'NCBIGene:5321', 'NCBIGene:5742', 'NCBIGene:5743', 'GO:0019370', 'GO:0001516', 'GO:0006954', 'MONDO:0005157', 'MONDO:0018906']",11,100.0
DB00443_MESH_D008180_1,"['PUBCHEM.COMPOUND:9782', 'NCBIGene:2908', 'NCBIGene:301', 'NCBIGene:5321', 'NCBIGene:5742', 'NCBIGene:5743', 'GO:0019370', 'GO:0001516', 'GO:0006954', 'MONDO:0007179', 'MONDO:0007915']",11,100.0
DB00443_MESH_D008179_1,"['PUBCHEM.COMPOUND:9782', 'NCBIGene:2908', 'NCBIGene:301', 'NCBIGene:5321', 'NCBIGene:5742', 'NCBIGene:5743', 'GO:0019370', 'GO:0001516', 'GO:0006954', 'MONDO:0007179', 'MONDO:0019558']",11,100.0
DB00443_MESH_D007819_1,"['PUBCHEM.COMPOUND:9782', 'NCBIGene:2908', 'NCBIGene:301', 'NCBIGene:5321', 'NCBIGene:5742', 'NCBIGene:5743', 'GO:0019370', 'GO:0001516', 'GO:0006954', 'UBERON:0001737', 'HP:0012027']",11,100.0
DB00443_MESH_D003874_1,"['PUBCHEM.COMPOUND:443967', 'NCBIGene:2908', 'NCBIGene:301', 'NCBIGene:5321', 'NCBIGene:5742', 'NCBIGene:5743', 'GO:0019370', 'GO:0001516', 'GO:0006954', 'MONDO:0002406', 'MONDO:0015614']",11,100.0
DB00443_MESH_D005076_1,"['PUBCHEM.COMPOUND:443967', 'NCBIGene:2908', 'NCBIGene:301', 'NCBIGene:5321', 'NCBIGene:5742', 'NCBIGene:5743', 'GO:0019370', 'GO:0001516', 'GO:0006954', 'MONDO:0006547', 'MONDO:0006547']",11,100.0
DB00443_MESH_D008228_1,"['PUBCHEM.COMPOUND:443967', 'NCBIGene:2908', 'NCBIGene:301', 'NCBIGene:5321', 'NCBIGene:5742', 'NCBIGene:5743', 'GO:0019370', 'GO:0001516', 'GO:0006954', 'MONDO:0005157', 'MONDO:0018908']",11,100.0
DB00443_MESH_D010392_1,"['PUBCHEM.COMPOUND:443967', 'NCBIGene:2908', 'NCBIGene:301', 'NCBIGene:5321', 'NCBIGene:5742', 'NCBIGene:5743', 'GO:0019370', 'GO:0001516', 'GO:0006954', 'HP:0008066', 'MONDO:0006594']",11,100.0
DB01351_MESH_D013226_1,"['PUBCHEM.COMPOUND:2164', 'NCBIGene:2554', 'NCBIGene:2555', 'NCBIGene:2556', 'NCBIGene:2557', 'NCBIGene:2558', 'GO:0022851', 'GO:0060081', 'GO:0019228', 'GO:0050806', 'MONDO:0002125']",11,100.0
DB01351_MESH_D004827_1,"['PUBCHEM.COMPOUND:2164', 'NCBIGene:2554', 'NCBIGene:2555', 'NCBIGene:2556', 'NCBIGene:2557', 'NCBIGene:2558', 'GO:0022851', 'GO:0060081', 'GO:0019228', 'GO:0050806', 'MONDO:0005027']",11,100.0
DB00182_MESH_D009765_1,"['PUBCHEM.COMPOUND:3007', 'NCBIGene:6571', 'GO:0098810', 'NCBIGene:134864', 'NCBIGene:9607', 'PUBCHEM.COMPOUND:439260', 'PUBCHEM.COMPOUND:681', 'PUBCHEM.COMPOUND:439260', 'PUBCHEM.COMPOUND:5202', 'HP:0002591', 'MONDO:0011122']",11,100.0
DB00635_MESH_D012507_1,"['PUBCHEM.COMPOUND:5865', 'PUBCHEM.COMPOUND:5755', 'NCBIGene:2908', 'NCBIGene:301', 'NCBIGene:5321', 'NCBIGene:5742', 'NCBIGene:5743', 'GO:0019370', 'GO:0001516', 'GO:0006954', 'MONDO:0019338']",11,100.0
DB08896_MESH_D006528_1,"['PUBCHEM.COMPOUND:11167602', 'NCBIGene:5894', 'NCBIGene:673', 'NCBIGene:5156', 'NCBIGene:2260', 'NCBIGene:2321', 'NCBIGene:3791', 'REACT:R-HSA-9006934', 'GO:0008284', 'GO:0045766', 'MONDO:0007256']",11,100.0
DB00635_MESH_D009404_1,"['PUBCHEM.COMPOUND:5865', 'PUBCHEM.COMPOUND:5755', 'NCBIGene:2908', 'NCBIGene:301', 'NCBIGene:5321', 'NCBIGene:5742', 'NCBIGene:5743', 'GO:0019370', 'GO:0001516', 'GO:0006954', 'MONDO:0005377']",11,100.0
DB00241_MESH_D018781_1,"['PUBCHEM.COMPOUND:2481', 'NCBIGene:2554', 'NCBIGene:2555', 'NCBIGene:2556', 'NCBIGene:2557', 'NCBIGene:2558', 'GO:0022851', 'GO:0060081', 'GO:0019228', 'GO:0050806', 'HP:0012228']",11,100.0
DB00747_MESH_D015863_1,"['CHEMBL.COMPOUND:CHEMBL2251240', 'NCBIGene:1128', 'NCBIGene:1129', 'NCBIGene:1131', 'NCBIGene:1132', 'NCBIGene:1133', 'GO:1905144', 'GO:0006939', 'GO:0006954', 'HP:0012531', 'MONDO:0004773']",11,100.0
DB00747_MESH_D014605_1,"['CHEMBL.COMPOUND:CHEMBL2251240', 'NCBIGene:1128', 'NCBIGene:1129', 'NCBIGene:1131', 'NCBIGene:1132', 'NCBIGene:1133', 'GO:1905144', 'GO:0006939', 'GO:0006954', 'HP:0012531', 'MONDO:0020283']",11,100.0
DB00635_MESH_D004892_1,"['PUBCHEM.COMPOUND:5865', 'PUBCHEM.COMPOUND:5755', 'NCBIGene:2908', 'NCBIGene:301', 'NCBIGene:5321', 'NCBIGene:5742', 'NCBIGene:5743', 'GO:0019370', 'GO:0001516', 'GO:0006954', 'MONDO:0006545']",11,100.0
DB01222_MESH_D003424_1,"['PUBCHEM.COMPOUND:5281004', 'NCBIGene:2908', 'NCBIGene:301', 'NCBIGene:5321', 'NCBIGene:5742', 'NCBIGene:5743', 'GO:0019370', 'GO:0001516', 'GO:0006954', 'UBERON:0001555', 'MONDO:0005011']",11,100.0
DB01222_MESH_D001249_1,"['PUBCHEM.COMPOUND:5281004', 'NCBIGene:2908', 'NCBIGene:301', 'NCBIGene:5321', 'NCBIGene:5742', 'NCBIGene:5743', 'GO:0019370', 'GO:0001516', 'GO:0006954', 'UBERON:0002185', 'MONDO:0004979']",11,100.0
DB01222_MESH_D065631_1,"['PUBCHEM.COMPOUND:5281004', 'NCBIGene:2908', 'NCBIGene:301', 'NCBIGene:5321', 'NCBIGene:5742', 'NCBIGene:5743', 'GO:0019370', 'GO:0001516', 'GO:0006954', 'UBERON:0001826', 'MONDO:0011786']",11,100.0
DB00797_MESH_D014652_1,"['PUBCHEM.COMPOUND:5504', 'NCBIGene:148', 'NCBIGene:150', 'NCBIGene:151', 'NCBIGene:152', 'REACT:R-HSA-416476', 'REACT:R-HSA-416482', 'REACT:R-HSA-418594', 'REACT:R-HSA-418597', 'GO:0042310', 'MONDO:0005385']",11,100.0
DB00668_MESH_D001987_1,"['PUBCHEM.COMPOUND:5816', 'NCBIGene:148', 'NCBIGene:147', 'NCBIGene:146', 'NCBIGene:150', 'NCBIGene:151', 'NCBIGene:153', 'NCBIGene:154', 'GO:0042310', 'UBERON:0001005', 'MONDO:0004822']",11,100.0
DB00443_MESH_D016460_1,"['PUBCHEM.COMPOUND:21800', 'NCBIGene:2908', 'NCBIGene:301', 'NCBIGene:5321', 'NCBIGene:5742', 'NCBIGene:5743', 'GO:0019370', 'GO:0001516', 'GO:0006954', 'MONDO:0002406', 'MONDO:0006554']",11,100.0
DB00443_MESH_D013717_1,"['PUBCHEM.COMPOUND:443967', 'NCBIGene:2908', 'NCBIGene:301', 'NCBIGene:5321', 'NCBIGene:5742', 'NCBIGene:5743', 'GO:0019370', 'GO:0001516', 'GO:0006954', 'UBERON:0011233', 'MONDO:0004855']",11,100.0
DB00443_MESH_D013585_1,"['PUBCHEM.COMPOUND:443967', 'NCBIGene:2908', 'NCBIGene:301', 'NCBIGene:5321', 'NCBIGene:5742', 'NCBIGene:5743', 'GO:0019370', 'GO:0001516', 'GO:0006954', 'UBERON:0002018', 'MONDO:0002400']",11,100.0
DB00443_MESH_D013167_1,"['PUBCHEM.COMPOUND:443967', 'NCBIGene:2908', 'NCBIGene:301', 'NCBIGene:5321', 'NCBIGene:5742', 'NCBIGene:5743', 'GO:0019370', 'GO:0001516', 'GO:0006954', 'MONDO:0003937', 'MONDO:0005306']",11,100.0
DB00443_MESH_D012214_1,"['PUBCHEM.COMPOUND:443967', 'NCBIGene:2908', 'NCBIGene:301', 'NCBIGene:5321', 'NCBIGene:5742', 'NCBIGene:5743', 'GO:0019370', 'GO:0001516', 'GO:0006954', 'MONDO:0002869', 'MONDO:0006955']",11,100.0
DB00443_MESH_D011657_1,"['PUBCHEM.COMPOUND:443967', 'NCBIGene:2908', 'NCBIGene:301', 'NCBIGene:5321', 'NCBIGene:5742', 'NCBIGene:5743', 'GO:0019370', 'GO:0001516', 'GO:0006954', 'GO:0048245', 'MONDO:0004802']",11,100.0
DB00443_MESH_D011565_1,"['PUBCHEM.COMPOUND:443967', 'NCBIGene:2908', 'NCBIGene:301', 'NCBIGene:5321', 'NCBIGene:5742', 'NCBIGene:5743', 'GO:0019370', 'GO:0001516', 'GO:0006954', 'MONDO:0002406', 'MONDO:0005083']",11,100.0
DB00443_MESH_D011015_1,"['PUBCHEM.COMPOUND:443967', 'NCBIGene:2908', 'NCBIGene:301', 'NCBIGene:5321', 'NCBIGene:5742', 'NCBIGene:5743', 'GO:0019370', 'GO:0001516', 'GO:0006954', 'UBERON:0002048', 'MONDO:0000265']",11,100.0
DB00443_MESH_D015212_1,"['PUBCHEM.COMPOUND:9782', 'NCBIGene:2908', 'NCBIGene:301', 'NCBIGene:5321', 'NCBIGene:5742', 'NCBIGene:5743', 'GO:0019370', 'GO:0001516', 'GO:0006954', 'UBERON:0001555', 'MONDO:0005265']",11,100.0
DB00443_MESH_D006689_1,"['PUBCHEM.COMPOUND:9782', 'NCBIGene:2908', 'NCBIGene:301', 'NCBIGene:5321', 'NCBIGene:5742', 'NCBIGene:5743', 'GO:0019370', 'GO:0001516', 'GO:0006954', 'MONDO:0005157', 'MONDO:0004952']",11,100.0
DB00443_MESH_D012628_1,"['PUBCHEM.COMPOUND:9782', 'NCBIGene:2908', 'NCBIGene:301', 'NCBIGene:5321', 'NCBIGene:5742', 'NCBIGene:5743', 'GO:0019370', 'GO:0001516', 'GO:0006954', 'MONDO:0002406', 'MONDO:0006608']",11,100.0
DB00860_MESH_D009879_1,"['PUBCHEM.COMPOUND:5755', 'NCBIGene:2908', 'NCBIGene:301', 'NCBIGene:5321', 'NCBIGene:5742', 'NCBIGene:5743', 'GO:0019370', 'GO:0001516', 'GO:0006954', 'UBERON:0001768', 'MONDO:0019198']",11,100.0
DB00860_MESH_D009182_1,"['PUBCHEM.COMPOUND:5755', 'NCBIGene:2908', 'NCBIGene:301', 'NCBIGene:5321', 'NCBIGene:5742', 'NCBIGene:5743', 'GO:0019370', 'GO:0001516', 'GO:0006954', 'MONDO:0006547', 'MONDO:0009691']",11,100.0
DB00860_MESH_D009140_1,"['PUBCHEM.COMPOUND:5755', 'NCBIGene:2908', 'NCBIGene:301', 'NCBIGene:5321', 'NCBIGene:5742', 'NCBIGene:5743', 'GO:0019370', 'GO:0001516', 'GO:0006954', 'HP:0012531', 'MONDO:0002081']",11,100.0
DB00972_MESH_D003233_1,"['PUBCHEM.COMPOUND:2267', 'NCBIGene:3269', 'NCBIGene:3274', 'NCBIGene:5319', 'NCBIGene:4056', 'GO:0001821', 'GO:0019370', 'CHEBI:25029', 'GO:0043303', 'GO:0006954', 'MONDO:0005642']",11,100.0
DB00860_MESH_D008228_1,"['PUBCHEM.COMPOUND:5755', 'NCBIGene:2908', 'NCBIGene:301', 'NCBIGene:5321', 'NCBIGene:5742', 'NCBIGene:5743', 'GO:0019370', 'GO:0001516', 'GO:0006954', 'MONDO:0005157', 'MONDO:0018908']",11,100.0
DB00860_MESH_D008224_1,"['PUBCHEM.COMPOUND:5755', 'NCBIGene:2908', 'NCBIGene:301', 'NCBIGene:5321', 'NCBIGene:5742', 'NCBIGene:5743', 'GO:0019370', 'GO:0001516', 'GO:0006954', 'MONDO:0005157', 'MONDO:0018906']",11,100.0
DB00860_MESH_D008180_1,"['PUBCHEM.COMPOUND:5755', 'NCBIGene:2908', 'NCBIGene:301', 'NCBIGene:5321', 'NCBIGene:5742', 'NCBIGene:5743', 'GO:0019370', 'GO:0001516', 'GO:0006954', 'MONDO:0007179', 'MONDO:0007915']",11,100.0
DB00860_MESH_D008179_1,"['PUBCHEM.COMPOUND:5755', 'NCBIGene:2908', 'NCBIGene:301', 'NCBIGene:5321', 'NCBIGene:5742', 'NCBIGene:5743', 'GO:0019370', 'GO:0001516', 'GO:0006954', 'MONDO:0007179', 'MONDO:0019558']",11,100.0
DB00860_MESH_D007819_1,"['PUBCHEM.COMPOUND:5755', 'NCBIGene:2908', 'NCBIGene:301', 'NCBIGene:5321', 'NCBIGene:5742', 'NCBIGene:5743', 'GO:0019370', 'GO:0001516', 'GO:0006954', 'UBERON:0001737', 'HP:0012027']",11,100.0
DB00860_MESH_D007634_1,"['PUBCHEM.COMPOUND:5755', 'NCBIGene:2908', 'NCBIGene:301', 'NCBIGene:5321', 'NCBIGene:5742', 'NCBIGene:5743', 'GO:0019370', 'GO:0001516', 'GO:0006954', 'UBERON:0000964', 'MONDO:0003085']",11,100.0
DB00860_MESH_D007500_1,"['PUBCHEM.COMPOUND:5755', 'NCBIGene:2908', 'NCBIGene:301', 'NCBIGene:5321', 'NCBIGene:5742', 'NCBIGene:5743', 'GO:0019370', 'GO:0001516', 'GO:0006954', 'UBERON:0001769', 'MONDO:0006814']",11,100.0
DB00860_MESH_D015863_1,"['PUBCHEM.COMPOUND:5755', 'NCBIGene:2908', 'NCBIGene:301', 'NCBIGene:5321', 'NCBIGene:5742', 'NCBIGene:5743', 'GO:0019370', 'GO:0001516', 'GO:0006954', 'UBERON:0001769', 'MONDO:0004773']",11,100.0
DB00860_MESH_D015212_1,"['PUBCHEM.COMPOUND:5755', 'NCBIGene:2908', 'NCBIGene:301', 'NCBIGene:5321', 'NCBIGene:5742', 'NCBIGene:5743', 'GO:0019370', 'GO:0001516', 'GO:0006954', 'UBERON:0001555', 'MONDO:0005265']",11,100.0
DB00860_MESH_D006689_1,"['PUBCHEM.COMPOUND:5755', 'NCBIGene:2908', 'NCBIGene:301', 'NCBIGene:5321', 'NCBIGene:5742', 'NCBIGene:5743', 'GO:0019370', 'GO:0001516', 'GO:0006954', 'MONDO:0005157', 'MONDO:0004952']",11,100.0
DB00860_MESH_D016460_1,"['PUBCHEM.COMPOUND:5755', 'NCBIGene:2908', 'NCBIGene:301', 'NCBIGene:5321', 'NCBIGene:5742', 'NCBIGene:5743', 'GO:0019370', 'GO:0001516', 'GO:0006954', 'MONDO:0002406', 'MONDO:0006554']",11,100.0
DB00860_MESH_D013700_1,"['PUBCHEM.COMPOUND:5755', 'NCBIGene:2908', 'NCBIGene:301', 'NCBIGene:5321', 'NCBIGene:5742', 'NCBIGene:5743', 'GO:0019370', 'GO:0001516', 'GO:0006954', 'UBERON:0001981', 'MONDO:0008538']",11,100.0
DB00860_MESH_D005076_1,"['PUBCHEM.COMPOUND:5755', 'NCBIGene:2908', 'NCBIGene:301', 'NCBIGene:5321', 'NCBIGene:5742', 'NCBIGene:5743', 'GO:0019370', 'GO:0001516', 'GO:0006954', 'MONDO:0006547', 'MONDO:0006547']",11,100.0
DB00860_MESH_D012628_1,"['PUBCHEM.COMPOUND:5755', 'NCBIGene:2908', 'NCBIGene:301', 'NCBIGene:5321', 'NCBIGene:5742', 'NCBIGene:5743', 'GO:0019370', 'GO:0001516', 'GO:0006954', 'MONDO:0002406', 'MONDO:0006608']",11,100.0
DB00620_MESH_D002179_1,"['PUBCHEM.COMPOUND:6436', 'NCBIGene:2908', 'NCBIGene:301', 'NCBIGene:5321', 'NCBIGene:5742', 'NCBIGene:5743', 'GO:0019370', 'GO:0001516', 'GO:0006954', 'MONDO:0004980', 'MONDO:0000879']",11,100.0
DB00860_MESH_D003873_1,"['PUBCHEM.COMPOUND:5755', 'NCBIGene:2908', 'NCBIGene:301', 'NCBIGene:5321', 'NCBIGene:5742', 'NCBIGene:5743', 'GO:0019370', 'GO:0001516', 'GO:0006954', 'MONDO:0002406', 'MONDO:0043233']",11,100.0
DB00860_MESH_D003877_1,"['PUBCHEM.COMPOUND:5755', 'NCBIGene:2908', 'NCBIGene:301', 'NCBIGene:5321', 'NCBIGene:5742', 'NCBIGene:5743', 'GO:0019370', 'GO:0001516', 'GO:0006954', 'MONDO:0002406', 'MONDO:0005480']",11,100.0
DB00860_MESH_D003876_1,"['PUBCHEM.COMPOUND:5755', 'NCBIGene:2908', 'NCBIGene:301', 'NCBIGene:5321', 'NCBIGene:5742', 'NCBIGene:5743', 'GO:0019370', 'GO:0001516', 'GO:0006954', 'MONDO:0002406', 'MONDO:0011292']",11,100.0
DB00860_MESH_D003424_1,"['PUBCHEM.COMPOUND:5755', 'NCBIGene:2908', 'NCBIGene:301', 'NCBIGene:5321', 'NCBIGene:5742', 'NCBIGene:5743', 'GO:0019370', 'GO:0001516', 'GO:0006954', 'UBERON:0001555', 'MONDO:0005011']",11,100.0
DB00860_MESH_D003320_1,"['PUBCHEM.COMPOUND:5755', 'NCBIGene:2908', 'NCBIGene:301', 'NCBIGene:5321', 'NCBIGene:5742', 'NCBIGene:5743', 'GO:0019370', 'GO:0001516', 'GO:0006954', 'UBERON:0000964', 'MONDO:0004577']",11,100.0
DB00860_MESH_D009450_1,"['PUBCHEM.COMPOUND:5755', 'NCBIGene:2908', 'NCBIGene:301', 'NCBIGene:5321', 'NCBIGene:5742', 'NCBIGene:5743', 'GO:0019370', 'GO:0001516', 'GO:0006954', 'HP:0000989', 'MONDO:0006585']",11,100.0
DB00860_MESH_D010392_1,"['PUBCHEM.COMPOUND:5755', 'NCBIGene:2908', 'NCBIGene:301', 'NCBIGene:5321', 'NCBIGene:5742', 'NCBIGene:5743', 'GO:0019370', 'GO:0001516', 'GO:0006954', 'HP:0008066', 'MONDO:0006594']",11,100.0
DB00443_MESH_D003873_1,"['PUBCHEM.COMPOUND:9782', 'NCBIGene:2908', 'NCBIGene:301', 'NCBIGene:5321', 'NCBIGene:5742', 'NCBIGene:5743', 'GO:0019370', 'GO:0001516', 'GO:0006954', 'MONDO:0002406', 'MONDO:0043233']",11,100.0
DB00860_MESH_D011015_1,"['PUBCHEM.COMPOUND:5755', 'NCBIGene:2908', 'NCBIGene:301', 'NCBIGene:5321', 'NCBIGene:5742', 'NCBIGene:5743', 'GO:0019370', 'GO:0001516', 'GO:0006954', 'UBERON:0002048', 'MONDO:0000265']",11,100.0
DB00443_MESH_D002062_1,"['PUBCHEM.COMPOUND:9782', 'NCBIGene:2908', 'NCBIGene:301', 'NCBIGene:5321', 'NCBIGene:5742', 'NCBIGene:5743', 'GO:0019370', 'GO:0001516', 'GO:0006954', 'UBERON:0003668', 'MONDO:0002471']",11,100.0
DB00443_MESH_D001929_1,"['PUBCHEM.COMPOUND:9782', 'NCBIGene:2908', 'NCBIGene:301', 'NCBIGene:5321', 'NCBIGene:5742', 'NCBIGene:5743', 'GO:0019370', 'GO:0001516', 'GO:0006954', 'UBERON:0000955', 'MONDO:0006684']",11,100.0
DB00443_MESH_D001607_1,"['PUBCHEM.COMPOUND:9782', 'NCBIGene:2908', 'NCBIGene:301', 'NCBIGene:5321', 'NCBIGene:5742', 'NCBIGene:5743', 'GO:0019370', 'GO:0001516', 'GO:0006954', 'UBERON:0002185', 'MONDO:0015274']",11,100.0
DB00443_MESH_D001327_1,"['PUBCHEM.COMPOUND:9782', 'NCBIGene:2908', 'NCBIGene:301', 'NCBIGene:5321', 'NCBIGene:5742', 'NCBIGene:5743', 'GO:0019370', 'GO:0001516', 'GO:0006954', 'MONDO:0007179', 'MONDO:0007179']",11,100.0
DB00443_MESH_D001249_1,"['PUBCHEM.COMPOUND:9782', 'NCBIGene:2908', 'NCBIGene:301', 'NCBIGene:5321', 'NCBIGene:5742', 'NCBIGene:5743', 'GO:0019370', 'GO:0001516', 'GO:0006954', 'UBERON:0002185', 'MONDO:0004979']",11,100.0
DB00443_MESH_D001172_1,"['PUBCHEM.COMPOUND:9782', 'NCBIGene:2908', 'NCBIGene:301', 'NCBIGene:5321', 'NCBIGene:5742', 'NCBIGene:5743', 'GO:0019370', 'GO:0001516', 'GO:0006954', 'HP:0001386', 'MONDO:0008383']",11,100.0
DB00443_MESH_D001171_1,"['PUBCHEM.COMPOUND:9782', 'NCBIGene:2908', 'NCBIGene:301', 'NCBIGene:5321', 'NCBIGene:5742', 'NCBIGene:5743', 'GO:0019370', 'GO:0001516', 'GO:0006954', 'HP:0001386', 'MONDO:0011429']",11,100.0
DB00443_MESH_D029503_1,"['PUBCHEM.COMPOUND:9782', 'NCBIGene:2908', 'NCBIGene:301', 'NCBIGene:5321', 'NCBIGene:5742', 'NCBIGene:5743', 'GO:0019370', 'GO:0001516', 'GO:0006954', 'HP:0001908', 'MONDO:0015253']",11,100.0
DB14631_MESH_D014605_1,"['PUBCHEM.COMPOUND:72078', 'NCBIGene:2908', 'NCBIGene:301', 'NCBIGene:5321', 'NCBIGene:5742', 'NCBIGene:5743', 'GO:0019370', 'GO:0001516', 'GO:0006954', 'UBERON:0001768', 'MONDO:0020283']",11,100.0
DB15566_MESH_D003234_1,"['PUBCHEM.COMPOUND:5834', 'NCBIGene:2908', 'NCBIGene:301', 'NCBIGene:5321', 'NCBIGene:5742', 'NCBIGene:5743', 'GO:0019370', 'GO:0001516', 'GO:0006954', 'NCBITaxon:2', 'FOODON:03412846', 'MONDO:0006668']",11,100.0
DB00860_MESH_D013966_1,"['PUBCHEM.COMPOUND:5755', 'NCBIGene:2908', 'NCBIGene:301', 'NCBIGene:5321', 'NCBIGene:5742', 'NCBIGene:5743', 'GO:0019370', 'GO:0001516', 'GO:0006954', 'UBERON:0002046', 'MONDO:0004126']",11,100.0
DB00860_MESH_D013717_1,"['PUBCHEM.COMPOUND:5755', 'NCBIGene:2908', 'NCBIGene:301', 'NCBIGene:5321', 'NCBIGene:5742', 'NCBIGene:5743', 'GO:0019370', 'GO:0001516', 'GO:0006954', 'UBERON:0011233', 'MONDO:0004855']",11,100.0
DB00860_MESH_D013585_1,"['PUBCHEM.COMPOUND:5755', 'NCBIGene:2908', 'NCBIGene:301', 'NCBIGene:5321', 'NCBIGene:5742', 'NCBIGene:5743', 'GO:0019370', 'GO:0001516', 'GO:0006954', 'UBERON:0002018', 'MONDO:0002400']",11,100.0
DB00860_MESH_D013262_1,"['PUBCHEM.COMPOUND:5755', 'NCBIGene:2908', 'NCBIGene:301', 'NCBIGene:5321', 'NCBIGene:5742', 'NCBIGene:5743', 'GO:0019370', 'GO:0001516', 'GO:0006954', 'HP:0008066', 'MONDO:0018229']",11,100.0
DB00860_MESH_D013167_1,"['PUBCHEM.COMPOUND:5755', 'NCBIGene:2908', 'NCBIGene:301', 'NCBIGene:5321', 'NCBIGene:5742', 'NCBIGene:5743', 'GO:0019370', 'GO:0001516', 'GO:0006954', 'MONDO:0003937', 'MONDO:0005306']",11,100.0
DB00860_MESH_D012871_1,"['PUBCHEM.COMPOUND:5755', 'NCBIGene:2908', 'NCBIGene:301', 'NCBIGene:5321', 'NCBIGene:5742', 'NCBIGene:5743', 'GO:0019370', 'GO:0001516', 'GO:0006954', 'MONDO:0002406', 'MONDO:0005093']",11,100.0
DB00860_MESH_D012393_1,"['PUBCHEM.COMPOUND:5755', 'NCBIGene:2908', 'NCBIGene:301', 'NCBIGene:5321', 'NCBIGene:5742', 'NCBIGene:5743', 'GO:0019370', 'GO:0001516', 'GO:0006954', 'MONDO:0002406', 'MONDO:0006604']",11,100.0
DB00860_MESH_D065631_1,"['PUBCHEM.COMPOUND:5755', 'NCBIGene:2908', 'NCBIGene:301', 'NCBIGene:5321', 'NCBIGene:5742', 'NCBIGene:5743', 'GO:0019370', 'GO:0001516', 'GO:0006954', 'UBERON:0001826', 'MONDO:0011786']",11,100.0
DB00860_MESH_D012214_1,"['PUBCHEM.COMPOUND:5755', 'NCBIGene:2908', 'NCBIGene:301', 'NCBIGene:5321', 'NCBIGene:5742', 'NCBIGene:5743', 'GO:0019370', 'GO:0001516', 'GO:0006954', 'MONDO:0002869', 'MONDO:0006955']",11,100.0
DB00860_MESH_D011658_1,"['PUBCHEM.COMPOUND:5755', 'NCBIGene:2908', 'NCBIGene:301', 'NCBIGene:5321', 'NCBIGene:5742', 'NCBIGene:5743', 'GO:0019370', 'GO:0001516', 'GO:0006954', 'MONDO:0005594', 'MONDO:0002771']",11,100.0
DB00860_MESH_D011657_1,"['PUBCHEM.COMPOUND:5755', 'NCBIGene:2908', 'NCBIGene:301', 'NCBIGene:5321', 'NCBIGene:5742', 'NCBIGene:5743', 'GO:0019370', 'GO:0001516', 'GO:0006954', 'GO:0048245', 'MONDO:0004802']",11,100.0
DB00860_MESH_D011565_1,"['PUBCHEM.COMPOUND:5755', 'NCBIGene:2908', 'NCBIGene:301', 'NCBIGene:5321', 'NCBIGene:5742', 'NCBIGene:5743', 'GO:0019370', 'GO:0001516', 'GO:0006954', 'MONDO:0002406', 'MONDO:0005083']",11,100.0
DB00972_MESH_D012223_1,"['PUBCHEM.COMPOUND:2267', 'NCBIGene:3269', 'NCBIGene:3274', 'NCBIGene:5319', 'NCBIGene:4056', 'GO:0001821', 'GO:0019370', 'CHEBI:25029', 'GO:0043303', 'GO:0006954', 'MONDO:0006004']",11,100.0
DB00620_MESH_D005076_1,"['PUBCHEM.COMPOUND:6436', 'NCBIGene:2908', 'NCBIGene:301', 'NCBIGene:5321', 'NCBIGene:5742', 'NCBIGene:5743', 'GO:0019370', 'GO:0001516', 'GO:0006954', 'MONDO:0006547', 'MONDO:0006547']",11,100.0
DB00959_MESH_D001607_1,"['PUBCHEM.COMPOUND:6741', 'NCBIGene:2908', 'NCBIGene:301', 'NCBIGene:5321', 'NCBIGene:5742', 'NCBIGene:5743', 'GO:0019370', 'GO:0001516', 'GO:0006954', 'UBERON:0002185', 'MONDO:0015274']",11,100.0
DB00620_MESH_D002062_1,"['PUBCHEM.COMPOUND:6436', 'NCBIGene:2908', 'NCBIGene:301', 'NCBIGene:5321', 'NCBIGene:5742', 'NCBIGene:5743', 'GO:0019370', 'GO:0001516', 'GO:0006954', 'UBERON:0003668', 'MONDO:0002471']",11,100.0
DB01077_MESH_C562390_1,"['PUBCHEM.COMPOUND:3305', 'GO:0140603', 'NCBIGene:523', 'GO:1902600', 'CHEBI:52255', 'CL:0000092', 'GO:0045453', 'GO:0006915', 'GO:0001503', 'GO:1990523', 'MONDO:0043455']",11,100.0
DB00741_MESH_D009450_1,"['PUBCHEM.COMPOUND:5754', 'NCBIGene:2908', 'NCBIGene:301', 'NCBIGene:5321', 'NCBIGene:5742', 'NCBIGene:5743', 'GO:0019370', 'GO:0001516', 'GO:0006954', 'HP:0000989', 'MONDO:0006585']",11,100.0
DB00741_MESH_D008179_1,"['PUBCHEM.COMPOUND:5754', 'NCBIGene:2908', 'NCBIGene:301', 'NCBIGene:5321', 'NCBIGene:5742', 'NCBIGene:5743', 'GO:0019370', 'GO:0001516', 'GO:0006954', 'MONDO:0007179', 'MONDO:0019558']",11,100.0
DB00741_MESH_D007819_1,"['PUBCHEM.COMPOUND:5754', 'NCBIGene:2908', 'NCBIGene:301', 'NCBIGene:5321', 'NCBIGene:5742', 'NCBIGene:5743', 'GO:0019370', 'GO:0001516', 'GO:0006954', 'UBERON:0001737', 'HP:0012027']",11,100.0
DB00741_MESH_D007634_1,"['PUBCHEM.COMPOUND:5754', 'NCBIGene:2908', 'NCBIGene:301', 'NCBIGene:5321', 'NCBIGene:5742', 'NCBIGene:5743', 'GO:0019370', 'GO:0001516', 'GO:0006954', 'UBERON:0000964', 'MONDO:0003085']",11,100.0
DB00741_MESH_D007500_1,"['PUBCHEM.COMPOUND:5754', 'NCBIGene:2908', 'NCBIGene:301', 'NCBIGene:5321', 'NCBIGene:5742', 'NCBIGene:5743', 'GO:0019370', 'GO:0001516', 'GO:0006954', 'UBERON:0001769', 'MONDO:0006814']",11,100.0
DB00741_MESH_D015863_1,"['PUBCHEM.COMPOUND:5754', 'NCBIGene:2908', 'NCBIGene:301', 'NCBIGene:5321', 'NCBIGene:5742', 'NCBIGene:5743', 'GO:0019370', 'GO:0001516', 'GO:0006954', 'UBERON:0001769', 'MONDO:0004773']",11,100.0
DB00741_MESH_D015212_1,"['PUBCHEM.COMPOUND:5754', 'NCBIGene:2908', 'NCBIGene:301', 'NCBIGene:5321', 'NCBIGene:5742', 'NCBIGene:5743', 'GO:0019370', 'GO:0001516', 'GO:0006954', 'UBERON:0001555', 'MONDO:0005265']",11,100.0
DB00741_MESH_D006689_1,"['PUBCHEM.COMPOUND:5754', 'NCBIGene:2908', 'NCBIGene:301', 'NCBIGene:5321', 'NCBIGene:5742', 'NCBIGene:5743', 'GO:0019370', 'GO:0001516', 'GO:0006954', 'MONDO:0005157', 'MONDO:0004952']",11,100.0
DB00454_MESH_D048949_1,"['PUBCHEM.COMPOUND:4058', 'NCBIGene:4986', 'NCBIGene:4988', 'REACT:R-HSA-418594', 'NCBIGene:6863', 'GO:0061534', 'GO:0061527', 'GO:0014055', 'GO:0061533', 'GO:0098818', 'NCIT:C92821']",11,100.0
DB00741_MESH_D016460_1,"['PUBCHEM.COMPOUND:5754', 'NCBIGene:2908', 'NCBIGene:301', 'NCBIGene:5321', 'NCBIGene:5742', 'NCBIGene:5743', 'GO:0019370', 'GO:0001516', 'GO:0006954', 'MONDO:0002406', 'MONDO:0006554']",11,100.0
DB00741_MESH_D005128_1,"['PUBCHEM.COMPOUND:5754', 'PUBCHEM.COMPOUND:5744', 'NCBIGene:2908', 'NCBIGene:301', 'NCBIGene:5321', 'NCBIGene:5742', 'NCBIGene:5743', 'GO:0019370', 'GO:0001516', 'GO:0006954', 'MONDO:0005328']",11,100.0
DB00454_MESH_D010146_1,"['PUBCHEM.COMPOUND:4058', 'NCBIGene:4986', 'NCBIGene:4988', 'REACT:R-HSA-418594', 'NCBIGene:6863', 'GO:0061534', 'GO:0061527', 'GO:0014055', 'GO:0061533', 'GO:0098818', 'HP:0012531']",11,100.0
DB00741_MESH_D004892_1,"['PUBCHEM.COMPOUND:5754', 'PUBCHEM.COMPOUND:5744', 'NCBIGene:2908', 'NCBIGene:301', 'NCBIGene:5321', 'NCBIGene:5742', 'NCBIGene:5743', 'GO:0019370', 'GO:0001516', 'GO:0006954', 'MONDO:0006545']",11,100.0
DB00741_MESH_D012628_1,"['PUBCHEM.COMPOUND:5754', 'NCBIGene:2908', 'NCBIGene:301', 'NCBIGene:5321', 'NCBIGene:5742', 'NCBIGene:5743', 'GO:0019370', 'GO:0001516', 'GO:0006954', 'MONDO:0002406', 'MONDO:0006608']",11,100.0
DB00642_MESH_D002289_1,"['PUBCHEM.COMPOUND:135410875', 'NCBIGene:7298', 'NCBIGene:1719', 'NCBIGene:2618', 'GO:0046105', 'NCBIGene:471', 'GO:0042451', 'GO:0071897', 'GO:0032774', 'GO:0008283', 'MONDO:0005233']",11,100.0
DB00741_MESH_D003424_1,"['PUBCHEM.COMPOUND:5754', 'NCBIGene:2908', 'NCBIGene:301', 'NCBIGene:5321', 'NCBIGene:5742', 'NCBIGene:5743', 'GO:0019370', 'GO:0001516', 'GO:0006954', 'UBERON:0001555', 'MONDO:0005011']",11,100.0
DB00741_MESH_D003320_1,"['PUBCHEM.COMPOUND:5754', 'NCBIGene:2908', 'NCBIGene:301', 'NCBIGene:5321', 'NCBIGene:5742', 'NCBIGene:5743', 'GO:0019370', 'GO:0001516', 'GO:0006954', 'UBERON:0000964', 'MONDO:0004577']",11,100.0
DB01077_MESH_D010001_1,"['PUBCHEM.COMPOUND:3305', 'GO:0140603', 'NCBIGene:523', 'GO:1902600', 'CHEBI:52255', 'CL:0000092', 'GO:0045453', 'GO:0006915', 'GO:0001503', 'GO:1990523', 'MONDO:0005382']",11,100.0
DB00741_MESH_D011349_1,"['PUBCHEM.COMPOUND:5754', 'NCBIGene:2908', 'NCBIGene:301', 'NCBIGene:5321', 'NCBIGene:5742', 'NCBIGene:5743', 'GO:0019370', 'GO:0001516', 'GO:0006954', 'UBERON:0001245', 'MONDO:0005538']",11,100.0
DB00959_MESH_D001172_1,"['PUBCHEM.COMPOUND:6741', 'NCBIGene:2908', 'NCBIGene:301', 'NCBIGene:5321', 'NCBIGene:5742', 'NCBIGene:5743', 'GO:0019370', 'GO:0001516', 'GO:0006954', 'HP:0001386', 'MONDO:0008383']",11,100.0
DB01545_MESH_D003866_1,"['PUBCHEM.COMPOUND:3299', 'NCBIGene:2554', 'NCBIGene:2555', 'NCBIGene:2556', 'NCBIGene:2557', 'NCBIGene:2558', 'NCBIGene:2559', 'GO:0007214', 'MONDO:0011918', 'HP:0000737', 'MONDO:0002050']",11,100.0
DB00959_MESH_D001171_1,"['PUBCHEM.COMPOUND:6741', 'NCBIGene:2908', 'NCBIGene:301', 'NCBIGene:5321', 'NCBIGene:5742', 'NCBIGene:5743', 'GO:0019370', 'GO:0001516', 'GO:0006954', 'HP:0001386', 'MONDO:0011429']",11,100.0
DB00959_MESH_D015210_1,"['PUBCHEM.COMPOUND:6741', 'NCBIGene:2908', 'NCBIGene:301', 'NCBIGene:5321', 'NCBIGene:5742', 'NCBIGene:5743', 'GO:0019370', 'GO:0001516', 'GO:0006954', 'HP:0001386', 'MONDO:0005393']",11,100.0
DB00959_MESH_D000799_1,"['PUBCHEM.COMPOUND:6741', 'NCBIGene:2908', 'NCBIGene:301', 'NCBIGene:5321', 'NCBIGene:5742', 'NCBIGene:5743', 'GO:0019370', 'GO:0001516', 'GO:0006954', 'UBERON:0002067', 'MONDO:0010481']",11,100.0
DB00959_MESH_D000744_1,"['PUBCHEM.COMPOUND:6741', 'NCBIGene:2908', 'NCBIGene:301', 'NCBIGene:5321', 'NCBIGene:5742', 'NCBIGene:5743', 'GO:0019370', 'GO:0001516', 'GO:0006954', 'MONDO:0003664', 'MONDO:0020108']",11,100.0
DB00959_MESH_D029503_1,"['PUBCHEM.COMPOUND:6741', 'NCBIGene:2908', 'NCBIGene:301', 'NCBIGene:5321', 'NCBIGene:5742', 'NCBIGene:5743', 'GO:0019370', 'GO:0001516', 'GO:0006954', 'HP:0001908', 'MONDO:0015253']",11,100.0
DB00420_MESH_D014839_1,"['PUBCHEM.COMPOUND:4926', 'NCBIGene:1813', 'NCBIGene:3356', 'NCBIGene:3269', 'GO:0014046', 'GO:0001820', 'GO:0001821', 'PUBCHEM.COMPOUND:681', 'PUBCHEM.COMPOUND:5202', 'PUBCHEM.COMPOUND:774', 'HP:0002013']",11,100.0
DB00420_MESH_D009325_1,"['PUBCHEM.COMPOUND:4926', 'NCBIGene:1813', 'NCBIGene:3356', 'NCBIGene:3269', 'GO:0014046', 'GO:0001820', 'GO:0001821', 'PUBCHEM.COMPOUND:681', 'PUBCHEM.COMPOUND:5202', 'PUBCHEM.COMPOUND:774', 'HP:0002018']",11,100.0
DB00741_MESH_D014605_1,"['PUBCHEM.COMPOUND:5754', 'NCBIGene:2908', 'NCBIGene:301', 'NCBIGene:5321', 'NCBIGene:5742', 'NCBIGene:5743', 'GO:0019370', 'GO:0001516', 'GO:0006954', 'UBERON:0001768', 'MONDO:0020283']",11,100.0
DB00741_MESH_D014235_1,"['PUBCHEM.COMPOUND:5754', 'NCBIGene:2908', 'NCBIGene:301', 'NCBIGene:5321', 'NCBIGene:5742', 'NCBIGene:5743', 'GO:0019370', 'GO:0001516', 'GO:0006954', 'NCBITaxon:6333', 'MONDO:0019444']",11,100.0
DB00741_MESH_D014008_1,"['PUBCHEM.COMPOUND:5754', 'NCBIGene:2908', 'NCBIGene:301', 'NCBIGene:5321', 'NCBIGene:5742', 'NCBIGene:5743', 'GO:0019370', 'GO:0001516', 'GO:0006954', 'HP:0000989', 'MONDO:0005984']",11,100.0
DB00741_MESH_D013717_1,"['PUBCHEM.COMPOUND:5754', 'NCBIGene:2908', 'NCBIGene:301', 'NCBIGene:5321', 'NCBIGene:5742', 'NCBIGene:5743', 'GO:0019370', 'GO:0001516', 'GO:0006954', 'UBERON:0011233', 'MONDO:0004855']",11,100.0
DB00741_MESH_D013281_1,"['PUBCHEM.COMPOUND:5754', 'NCBIGene:2908', 'NCBIGene:301', 'NCBIGene:5321', 'NCBIGene:5742', 'NCBIGene:5743', 'GO:0019370', 'GO:0001516', 'GO:0006954', 'UBERON:0003729', 'MONDO:0005318']",11,100.0
DB00993_MESH_D001172_1,"['PUBCHEM.COMPOUND:2265', 'MESH:C032827', 'NCBIGene:5879', 'UniProtKB:Q07817-1', 'GO:0006915', 'CL:0000084', 'GO:0006955', 'GO:0042451', 'CL:0000738', 'PUBCHEM.COMPOUND:44135672', 'MONDO:0008383']",11,100.0
DB00741_MESH_D012507_1,"['PUBCHEM.COMPOUND:5754', 'PUBCHEM.COMPOUND:219121', 'NCBIGene:2908', 'NCBIGene:301', 'NCBIGene:5321', 'NCBIGene:5742', 'NCBIGene:5743', 'GO:0019370', 'GO:0001516', 'GO:0006954', 'MONDO:0019338']",11,100.0
DB00741_MESH_D012393_1,"['PUBCHEM.COMPOUND:5754', 'NCBIGene:2908', 'NCBIGene:301', 'NCBIGene:5321', 'NCBIGene:5742', 'NCBIGene:5743', 'GO:0019370', 'GO:0001516', 'GO:0006954', 'MONDO:0002406', 'MONDO:0006604']",11,100.0
DB00741_MESH_D012214_1,"['PUBCHEM.COMPOUND:5754', 'NCBIGene:2908', 'NCBIGene:301', 'NCBIGene:5321', 'NCBIGene:5742', 'NCBIGene:5743', 'GO:0019370', 'GO:0001516', 'GO:0006954', 'MONDO:0002869', 'MONDO:0006955']",11,100.0
DB00741_MESH_D011657_1,"['PUBCHEM.COMPOUND:5754', 'NCBIGene:2908', 'NCBIGene:301', 'NCBIGene:5321', 'NCBIGene:5742', 'NCBIGene:5743', 'GO:0019370', 'GO:0001516', 'GO:0006954', 'GO:0048245', 'MONDO:0004802']",11,100.0
DB00741_MESH_D003233_1,"['PUBCHEM.COMPOUND:5754', 'NCBIGene:2908', 'NCBIGene:301', 'NCBIGene:5321', 'NCBIGene:5742', 'NCBIGene:5743', 'GO:0019370', 'GO:0001516', 'GO:0006954', 'UBERON:0001811', 'MONDO:0005642']",11,100.0
DB00741_MESH_D003093_1,"['PUBCHEM.COMPOUND:5754', 'NCBIGene:2908', 'NCBIGene:301', 'NCBIGene:5321', 'NCBIGene:5742', 'NCBIGene:5743', 'GO:0019370', 'GO:0001516', 'GO:0006954', 'UBERON:0001155', 'MONDO:0005101']",11,100.0
DB00741_MESH_D000799_1,"['PUBCHEM.COMPOUND:5754', 'NCBIGene:2908', 'NCBIGene:301', 'NCBIGene:5321', 'NCBIGene:5742', 'NCBIGene:5743', 'GO:0019370', 'GO:0001516', 'GO:0006954', 'UBERON:0002067', 'MONDO:0010481']",11,100.0
DB00741_MESH_D029503_1,"['PUBCHEM.COMPOUND:5754', 'NCBIGene:2908', 'NCBIGene:301', 'NCBIGene:5321', 'NCBIGene:5742', 'NCBIGene:5743', 'GO:0019370', 'GO:0001516', 'GO:0006954', 'HP:0001908', 'MONDO:0015253']",11,100.0
DB06589_MESH_D002292_1,"['PUBCHEM.COMPOUND:10113978', 'NCBIGene:5159', 'NCBIGene:2321', 'NCBIGene:3815', 'NCBIGene:3791', 'NCBIGene:2324', 'NCBIGene:2322', 'NCBIGene:1436', 'NCBIGene:5156', 'GO:0045766', 'MONDO:0005086']",11,100.0
DB06589_MESH_D012509_1,"['PUBCHEM.COMPOUND:10113978', 'NCBIGene:5159', 'NCBIGene:2321', 'NCBIGene:3815', 'NCBIGene:3791', 'NCBIGene:2324', 'NCBIGene:2322', 'NCBIGene:1436', 'NCBIGene:5156', 'GO:0045766', 'MONDO:0005089']",11,100.0
DB01247_MESH_D003865_1,"['PUBCHEM.COMPOUND:3759', 'NCBIGene:4128', 'NCBIGene:4129', 'GO:0042402', 'PUBCHEM.COMPOUND:439260', 'PUBCHEM.COMPOUND:5202', 'GO:0099153', 'GO:0099155', 'PUBCHEM.COMPOUND:681', 'GO:0061527', 'MONDO:0002009']",11,100.0
DB00780_MESH_D003866_1,"['PUBCHEM.COMPOUND:3675', 'NCBIGene:4128', 'NCBIGene:4129', 'GO:0042402', 'PUBCHEM.COMPOUND:439260', 'PUBCHEM.COMPOUND:5202', 'GO:0099153', 'GO:0099155', 'PUBCHEM.COMPOUND:681', 'GO:0061527', 'MONDO:0002050']",11,100.0
DB00563_MESH_D008175_1,"['PUBCHEM.COMPOUND:126941', 'NCBIGene:7298', 'NCBIGene:1719', 'GO:0046105', 'NCBIGene:471', 'GO:0042451', 'GO:0071897', 'GO:0032774', 'GO:0008283', 'CL:0001064', 'MONDO:0021117']",11,100.0
DB00563_MESH_D008228_1,"['PUBCHEM.COMPOUND:126941', 'NCBIGene:7298', 'NCBIGene:1719', 'GO:0046105', 'NCBIGene:471', 'GO:0042451', 'GO:0071897', 'GO:0032774', 'GO:0008283', 'CL:0001064', 'MONDO:0018908']",11,100.0
DB12233_MESH_D001172_1,"['PUBCHEM.COMPOUND:124246', 'PR:000013428', 'PathWhiz.ProteinComplex:7427', 'NCBIGene:7188', 'NCBIGene:9641', 'NCBIGene:10758', 'PR:000010413', 'PathWhiz.ProteinComplex:10121', 'ORPHANET:123227', 'REACT:R-HSA-448424', 'REACT:R-HSA-5668541', 'GO:0007253', 'GO:0006954', 'MONDO:0008383']",11,100.0
DB00975_MESH_D001281_1,"['PUBCHEM.COMPOUND:3108', 'NCBIGene:10846', 'NCBIGene:8654', 'NCBIGene:5141', 'NCBIGene:100', 'PUBCHEM.COMPOUND:6076', 'GO:0050482', 'GO:0004796', 'GO:0070527', 'PUBCHEM.COMPOUND:60961', 'MONDO:0004981']",11,100.0
DB00476_MESH_D005356_1,"['PUBCHEM.COMPOUND:44181886', 'NCBIGene:6532', 'NCBIGene:6530', 'GO:0051610', 'PUBCHEM.COMPOUND:5202', 'GO:0051620', 'PUBCHEM.COMPOUND:439260', 'GO:0019233', 'GO:0061533', 'GO:0060096', 'MONDO:0005546']",11,100.0
DB00563_MESH_D009182_1,"['PUBCHEM.COMPOUND:126941', 'NCBIGene:7298', 'NCBIGene:1719', 'GO:0046105', 'NCBIGene:471', 'GO:0042451', 'GO:0071897', 'GO:0032774', 'GO:0008283', 'CL:0001064', 'MONDO:0009691']",11,100.0
DB01356_MESH_D004412_1,"['PUBCHEM.COMPOUND:11125', 'UniProtKB:P29218', 'UMLS:C1327143', 'PUBCHEM.COMPOUND:892', 'GO:0043647', 'GO:0014047', 'GO:0019233', 'GO:0004972', 'UNII:61LJO5I15S', 'GO:0061535', 'HP:0100607']",11,100.0
DB01356_MESH_D001172_1,"['PUBCHEM.COMPOUND:11125', 'UniProtKB:P29218', 'UMLS:C1327143', 'PUBCHEM.COMPOUND:892', 'GO:0043647', 'GO:0014047', 'GO:0019233', 'GO:0004972', 'UNII:61LJO5I15S', 'GO:0061535', 'MONDO:0008383']",11,100.0
DB01356_MESH_D001171_1,"['PUBCHEM.COMPOUND:11125', 'UniProtKB:P29218', 'UMLS:C1327143', 'PUBCHEM.COMPOUND:892', 'GO:0043647', 'GO:0014047', 'GO:0019233', 'GO:0004972', 'UNII:61LJO5I15S', 'GO:0061535', 'MONDO:0011429']",11,100.0
DB01356_MESH_D010003_1,"['PUBCHEM.COMPOUND:11125', 'UniProtKB:P29218', 'UMLS:C1327143', 'PUBCHEM.COMPOUND:892', 'GO:0043647', 'GO:0014047', 'GO:0019233', 'GO:0004972', 'UNII:61LJO5I15S', 'GO:0061535', 'MONDO:0005178']",11,100.0
DB01356_MESH_D010146_1,"['PUBCHEM.COMPOUND:11125', 'UniProtKB:P29218', 'UMLS:C1327143', 'PUBCHEM.COMPOUND:892', 'GO:0043647', 'GO:0014047', 'GO:0019233', 'GO:0004972', 'UNII:61LJO5I15S', 'GO:0061535', 'HP:0012531']",11,100.0
DB01356_MESH_D020773_1,"['PUBCHEM.COMPOUND:11125', 'UniProtKB:P29218', 'UMLS:C1327143', 'PUBCHEM.COMPOUND:892', 'GO:0043647', 'GO:0014047', 'GO:0019233', 'GO:0004972', 'UNII:61LJO5I15S', 'GO:0061535', 'MONDO:0021146']",11,100.0
DB00563_MESH_D031901_1,"['PUBCHEM.COMPOUND:126941', 'NCBIGene:7298', 'NCBIGene:1719', 'GO:0046105', 'NCBIGene:471', 'GO:0042451', 'GO:0071897', 'GO:0032774', 'GO:0008283', 'CL:0001064', 'MONDO:0009273']",11,100.0
DB00884_MESH_D010001_1,"['PUBCHEM.COMPOUND:5245', 'GO:0140603', 'NCBIGene:523', 'GO:1902600', 'CHEBI:52255', 'CL:0000092', 'GO:0045453', 'GO:0006915', 'GO:0001503', 'GO:1990523', 'MONDO:0005382']",11,100.0
DB00884_MESH_D010024_1,"['PUBCHEM.COMPOUND:5245', 'GO:0140603', 'NCBIGene:523', 'GO:1902600', 'CHEBI:52255', 'CL:0000092', 'GO:0045453', 'GO:0006915', 'GO:0001503', 'GO:1990523', 'MONDO:0005298']",11,100.0
DB00884_MESH_D015663_1,"['PUBCHEM.COMPOUND:5245', 'GO:0140603', 'NCBIGene:523', 'GO:1902600', 'CHEBI:52255', 'CL:0000092', 'GO:0045453', 'GO:0006915', 'GO:0001503', 'GO:1990523', 'MONDO:0008159']",11,100.0
DB00795_MESH_D003093_2,"['CHEMBL.COMPOUND:CHEMBL421', 'PUBCHEM.COMPOUND:4075', 'NCBIGene:5742', 'NCBIGene:5743', 'NCBIGene:240', 'NCBIGene:5468', 'PUBCHEM.COMPOUND:6145931', 'CHEBI:25029', 'GO:0038061', 'GO:0006954', 'MONDO:0005101']",11,100.0
DB04896_MESH_D005356_1,"['PUBCHEM.COMPOUND:11622909', 'PUBCHEM.COMPOUND:65833', 'NCBIGene:6532', 'NCBIGene:6530', 'GO:0051610', 'PUBCHEM.COMPOUND:5202', 'GO:0051620', 'PUBCHEM.COMPOUND:439260', 'GO:0019233', 'GO:0061533', 'GO:0060096', 'MONDO:0005546']",11,100.0
DB06255_MESH_D010024_1,"['MESH:C071542', 'NCBIGene:2224', 'GO:0008299', 'GO:0045453', 'HP:0004349', 'CHEBI:52255', 'GO:0006915', 'CL:0000092', 'GO:0001503', 'GO:1990523', 'MONDO:0005298']",11,100.0
DB08906_MESH_D065631_1,"['PUBCHEM.COMPOUND:9854489', 'NCBIGene:2908', 'NCBIGene:301', 'NCBIGene:5321', 'NCBIGene:5743', 'PUBCHEM.COMPOUND:6145931', 'GO:0006954', 'PUBCHEM.COMPOUND:5280878', 'GO:0070254', 'GO:0043117', 'MONDO:0011786']",11,100.0
DB08906_MESH_D001249_1,"['PUBCHEM.COMPOUND:9854489', 'NCBIGene:2908', 'NCBIGene:301', 'NCBIGene:5321', 'NCBIGene:5743', 'PUBCHEM.COMPOUND:6145931', 'GO:0006954', 'PUBCHEM.COMPOUND:5280878', 'GO:0006939', 'GO:0043117', 'MONDO:0004979']",11,100.0
DB00240_MESH_D009450_1,"['PUBCHEM.COMPOUND:636374', 'MESH:D016207', 'EFO:0003786', 'PUBCHEM.COMPOUND:774', 'NCBIGene:2908', 'MONDO:0004980', 'HP:0000989', 'CHV:0000014299', 'PathWhiz.ProteinComplex:13360', 'PR:000012798', 'GO:0006954', 'CHEBI:25029', 'MONDO:0006585']",11,100.0
DB00356_MESH_D009128_1,"['PUBCHEM.COMPOUND:2733', 'MESH:D015220', 'MESH:D015221', 'GO:0016917', 'GO:0061534', 'GO:0090075', 'GO:0006936', 'MONDO:0007774', 'HP:0003394', 'HP:0002493', 'HP:0001257']",11,100.0
DB00795_MESH_D001172_1,"['CHEMBL.COMPOUND:CHEMBL421', 'PUBCHEM.COMPOUND:4075', 'NCBIGene:5742', 'NCBIGene:5743', 'NCBIGene:240', 'NCBIGene:5468', 'PUBCHEM.COMPOUND:6145931', 'CHEBI:25029', 'GO:0038061', 'GO:0006954', 'MONDO:0008383']",11,100.0
DB00795_MESH_D001171_1,"['CHEMBL.COMPOUND:CHEMBL421', 'PUBCHEM.COMPOUND:4075', 'NCBIGene:5742', 'NCBIGene:5743', 'NCBIGene:240', 'NCBIGene:5468', 'PUBCHEM.COMPOUND:6145931', 'CHEBI:25029', 'GO:0038061', 'GO:0006954', 'MONDO:0011429']",11,100.0
DB00563_MESH_D002051_1,"['PUBCHEM.COMPOUND:126941', 'NCBIGene:7298', 'NCBIGene:1719', 'GO:0046105', 'NCBIGene:471', 'GO:0042451', 'GO:0071897', 'GO:0032774', 'GO:0008283', 'CL:0001064', 'MONDO:0007243']",11,100.0
DB08815_MESH_D012559_1,"['PUBCHEM.COMPOUND:11237860', 'NCBIGene:1813', 'NCBIGene:3356', 'GO:0014046', 'HP:0100543', 'HP:0030213', 'HP:0012154', 'HP:0002465', 'HP:0000741', 'MONDO:0005485', 'MONDO:0005090']",11,100.0
DB12332_MESH_D010051_1,"['PUBCHEM.COMPOUND:9931954', 'NCBIGene:142', 'NCBIGene:10039', 'NCBIGene:10038', 'GO:0000724', 'GO:0006302', 'GO:0006260', 'GO:0006915', 'GO:0008283', 'GO:0016477', 'MONDO:0008170']",11,100.0
DB00399_MESH_C562390_1,"['PUBCHEM.COMPOUND:68740', 'NCBIGene:2224', 'NCBIGene:9453', 'CHEBI:52255', 'CL:0000092', 'GO:0045453', 'GO:0008299', 'GO:0006915', 'GO:0001503', 'GO:1990523', 'MONDO:0043455']",11,100.0
DB00399_MESH_D010001_1,"['PUBCHEM.COMPOUND:68740', 'NCBIGene:2224', 'NCBIGene:9453', 'CHEBI:52255', 'CL:0000092', 'GO:0045453', 'GO:0008299', 'GO:0006915', 'GO:0001503', 'GO:1990523', 'MONDO:0005382']",11,100.0
DB00043_MESH_D000080223_1,"['UNII:2P471X1Z11', 'GO:0019767', 'UniProtKB:P01854', 'CL:0000097', 'CL:0000767', 'GO:0043303', 'GO:0002561', 'REACT:R-HSA-2454202', 'GO:0002540', 'GO:0002441', 'MONDO:0850230']",11,100.0
DB00043_MESH_D001249_1,"['UNII:2P471X1Z11', 'GO:0019767', 'UniProtKB:P01854', 'CL:0000097', 'CL:0000767', 'GO:0043303', 'GO:0002561', 'REACT:R-HSA-2454202', 'GO:0002540', 'GO:0002441', 'MONDO:0004979']",11,100.0
DB00563_MESH_D006258_1,"['PUBCHEM.COMPOUND:126941', 'NCBIGene:7298', 'NCBIGene:1719', 'GO:0046105', 'NCBIGene:471', 'GO:0042451', 'GO:0071897', 'GO:0032774', 'GO:0008283', 'CL:0001064', 'MONDO:0005586']",11,100.0
DB00959_MESH_D015535_1,"['PUBCHEM.COMPOUND:6741', 'NCBIGene:2908', 'NCBIGene:301', 'NCBIGene:5321', 'NCBIGene:5742', 'NCBIGene:5743', 'GO:0019370', 'GO:0001516', 'GO:0006954', 'MONDO:0005083', 'MONDO:0011849']",11,100.0
DB00922_MESH_D006333_2,"['CHEMBL.COMPOUND:CHEMBL4846652', 'PUBCHEM.COMPOUND:3033825', 'NCBIGene:5139', 'PUBCHEM.COMPOUND:6076', 'GO:0004679', 'GO:0005262', 'GO:0070509', 'GO:0060047', 'GO:0044557', 'GO:0042311', 'MONDO:0005044', 'MONDO:0005252']",11,100.0
DB00959_MESH_D001249_1,"['PUBCHEM.COMPOUND:6741', 'NCBIGene:2908', 'NCBIGene:301', 'NCBIGene:5321', 'NCBIGene:5742', 'NCBIGene:5743', 'GO:0019370', 'GO:0001516', 'GO:0006954', 'UBERON:0002185', 'MONDO:0004979']",11,100.0
DB00620_MESH_D013585_1,"['PUBCHEM.COMPOUND:31307', 'NCBIGene:2908', 'NCBIGene:301', 'NCBIGene:5321', 'NCBIGene:5742', 'NCBIGene:5743', 'GO:0019370', 'GO:0001516', 'GO:0006954', 'UBERON:0002018', 'MONDO:0002400']",11,100.0
DB00277_MESH_D001991_1,"['PUBCHEM.COMPOUND:2153', 'UMLS:C0001471', 'MESH:D015106', 'MESH:D015105', 'NCBIGene:3066', 'GO:0016575', 'GO:0006198', 'GO:0019933', 'GO:0006954', 'PUBCHEM.COMPOUND:6076', 'MONDO:0003781']",11,100.0
DB00959_MESH_D013167_1,"['PUBCHEM.COMPOUND:6741', 'NCBIGene:2908', 'NCBIGene:301', 'NCBIGene:5321', 'NCBIGene:5742', 'NCBIGene:5743', 'GO:0019370', 'GO:0001516', 'GO:0006954', 'MONDO:0003937', 'MONDO:0005306']",11,100.0
DB00959_MESH_D012871_1,"['PUBCHEM.COMPOUND:6741', 'NCBIGene:2908', 'NCBIGene:301', 'NCBIGene:5321', 'NCBIGene:5742', 'NCBIGene:5743', 'GO:0019370', 'GO:0001516', 'GO:0006954', 'MONDO:0002406', 'MONDO:0005093']",11,100.0
DB00620_MESH_D009879_1,"['PUBCHEM.COMPOUND:31307', 'NCBIGene:2908', 'NCBIGene:301', 'NCBIGene:5321', 'NCBIGene:5742', 'NCBIGene:5743', 'GO:0019370', 'GO:0001516', 'GO:0006954', 'UBERON:0000970', 'MONDO:0019198']",11,100.0
DB00959_MESH_D065631_1,"['PUBCHEM.COMPOUND:6741', 'NCBIGene:2908', 'NCBIGene:301', 'NCBIGene:5321', 'NCBIGene:5742', 'NCBIGene:5743', 'GO:0019370', 'GO:0001516', 'GO:0006954', 'UBERON:0001826', 'MONDO:0011786']",11,100.0
DB00620_MESH_D012214_1,"['PUBCHEM.COMPOUND:31307', 'NCBIGene:2908', 'NCBIGene:301', 'NCBIGene:5321', 'NCBIGene:5742', 'NCBIGene:5743', 'GO:0019370', 'GO:0001516', 'GO:0006954', 'MONDO:0002869', 'MONDO:0006955']",11,100.0
DB00959_MESH_D012214_1,"['PUBCHEM.COMPOUND:6741', 'NCBIGene:2908', 'NCBIGene:301', 'NCBIGene:5321', 'NCBIGene:5742', 'NCBIGene:5743', 'GO:0019370', 'GO:0001516', 'GO:0006954', 'MONDO:0002869', 'MONDO:0006955']",11,100.0
DB00959_MESH_D011657_1,"['PUBCHEM.COMPOUND:6741', 'NCBIGene:2908', 'NCBIGene:301', 'NCBIGene:5321', 'NCBIGene:5742', 'NCBIGene:5743', 'GO:0019370', 'GO:0001516', 'GO:0006954', 'GO:0048245', 'MONDO:0004802']",11,100.0
DB00959_MESH_D011565_1,"['PUBCHEM.COMPOUND:6741', 'NCBIGene:2908', 'NCBIGene:301', 'NCBIGene:5321', 'NCBIGene:5742', 'NCBIGene:5743', 'GO:0019370', 'GO:0001516', 'GO:0006954', 'MONDO:0002406', 'MONDO:0005083']",11,100.0
DB00959_MESH_D011015_1,"['PUBCHEM.COMPOUND:6741', 'NCBIGene:2908', 'NCBIGene:301', 'NCBIGene:5321', 'NCBIGene:5742', 'NCBIGene:5743', 'GO:0019370', 'GO:0001516', 'GO:0006954', 'UBERON:0002048', 'MONDO:0000265']",11,100.0
DB00959_MESH_D010392_1,"['PUBCHEM.COMPOUND:6741', 'NCBIGene:2908', 'NCBIGene:301', 'NCBIGene:5321', 'NCBIGene:5742', 'NCBIGene:5743', 'GO:0019370', 'GO:0001516', 'GO:0006954', 'HP:0008066', 'MONDO:0006594']",11,100.0
DB00959_MESH_D009450_1,"['PUBCHEM.COMPOUND:6741', 'NCBIGene:2908', 'NCBIGene:301', 'NCBIGene:5321', 'NCBIGene:5742', 'NCBIGene:5743', 'GO:0019370', 'GO:0001516', 'GO:0006954', 'HP:0000989', 'MONDO:0006585']",11,100.0
DB00959_MESH_D009182_1,"['PUBCHEM.COMPOUND:6741', 'NCBIGene:2908', 'NCBIGene:301', 'NCBIGene:5321', 'NCBIGene:5742', 'NCBIGene:5743', 'GO:0019370', 'GO:0001516', 'GO:0006954', 'MONDO:0000607', 'MONDO:0009691']",11,100.0
DB00959_MESH_D009140_1,"['PUBCHEM.COMPOUND:6741', 'NCBIGene:2908', 'NCBIGene:301', 'NCBIGene:5321', 'NCBIGene:5742', 'NCBIGene:5743', 'GO:0019370', 'GO:0001516', 'GO:0006954', 'HP:0012531', 'MONDO:0002081']",11,100.0
DB00620_MESH_D013167_1,"['PUBCHEM.COMPOUND:31307', 'NCBIGene:2908', 'NCBIGene:301', 'NCBIGene:5321', 'NCBIGene:5742', 'NCBIGene:5743', 'GO:0019370', 'GO:0001516', 'GO:0006954', 'MONDO:0003937', 'MONDO:0005306']",11,100.0
DB00959_MESH_D013585_1,"['PUBCHEM.COMPOUND:6741', 'NCBIGene:2908', 'NCBIGene:301', 'NCBIGene:5321', 'NCBIGene:5742', 'NCBIGene:5743', 'GO:0019370', 'GO:0001516', 'GO:0006954', 'UBERON:0002018', 'MONDO:0002400']",11,100.0
DB00620_MESH_D008224_1,"['PUBCHEM.COMPOUND:31307', 'NCBIGene:2908', 'NCBIGene:301', 'NCBIGene:5321', 'NCBIGene:5742', 'NCBIGene:5743', 'GO:0019370', 'GO:0001516', 'GO:0006954', 'MONDO:0005157', 'MONDO:0018906']",11,100.0
DB00620_MESH_D008180_1,"['PUBCHEM.COMPOUND:31307', 'NCBIGene:2908', 'NCBIGene:301', 'NCBIGene:5321', 'NCBIGene:5742', 'NCBIGene:5743', 'GO:0019370', 'GO:0001516', 'GO:0006954', 'MONDO:0007179', 'MONDO:0007915']",11,100.0
DB00959_MESH_D001327_1,"['PUBCHEM.COMPOUND:6741', 'NCBIGene:2908', 'NCBIGene:301', 'NCBIGene:5321', 'NCBIGene:5742', 'NCBIGene:5743', 'GO:0019370', 'GO:0001516', 'GO:0006954', 'MONDO:0007179', 'MONDO:0007179']",11,100.0
DB00620_MESH_D015210_1,"['PUBCHEM.COMPOUND:31307', 'NCBIGene:2908', 'NCBIGene:301', 'NCBIGene:5321', 'NCBIGene:5742', 'NCBIGene:5743', 'GO:0019370', 'GO:0001516', 'GO:0006954', 'HP:0001386', 'MONDO:0005393']",11,100.0
DB00620_MESH_D029503_1,"['PUBCHEM.COMPOUND:31307', 'NCBIGene:2908', 'NCBIGene:301', 'NCBIGene:5321', 'NCBIGene:5742', 'NCBIGene:5743', 'GO:0019370', 'GO:0001516', 'GO:0006954', 'HP:0001908', 'MONDO:0015253']",11,100.0
DB00277_MESH_D011656_1,"['PUBCHEM.COMPOUND:2153', 'UMLS:C0001471', 'MESH:D015106', 'MESH:D015105', 'NCBIGene:3066', 'GO:0016575', 'GO:0006198', 'GO:0019933', 'GO:0006954', 'PUBCHEM.COMPOUND:6076', 'MONDO:0004849']",11,100.0
DB00620_MESH_D001171_1,"['PUBCHEM.COMPOUND:31307', 'NCBIGene:2908', 'NCBIGene:301', 'NCBIGene:5321', 'NCBIGene:5742', 'NCBIGene:5743', 'GO:0019370', 'GO:0001516', 'GO:0006954', 'HP:0001386', 'MONDO:0011429']",11,100.0
DB00620_MESH_D001172_1,"['PUBCHEM.COMPOUND:31307', 'NCBIGene:2908', 'NCBIGene:301', 'NCBIGene:5321', 'NCBIGene:5742', 'NCBIGene:5743', 'GO:0019370', 'GO:0001516', 'GO:0006954', 'HP:0001386', 'MONDO:0008383']",11,100.0
DB00959_MESH_D014235_1,"['PUBCHEM.COMPOUND:6741', 'NCBIGene:2908', 'NCBIGene:301', 'NCBIGene:5321', 'NCBIGene:5742', 'NCBIGene:5743', 'GO:0019370', 'GO:0001516', 'GO:0006954', 'NCBITaxon:6333', 'MONDO:0019444']",11,100.0
DB00959_MESH_D013966_1,"['PUBCHEM.COMPOUND:6741', 'NCBIGene:2908', 'NCBIGene:301', 'NCBIGene:5321', 'NCBIGene:5742', 'NCBIGene:5743', 'GO:0019370', 'GO:0001516', 'GO:0006954', 'UBERON:0002046', 'MONDO:0004126']",11,100.0
DB00620_MESH_D006689_1,"['PUBCHEM.COMPOUND:31307', 'NCBIGene:2908', 'NCBIGene:301', 'NCBIGene:5321', 'NCBIGene:5742', 'NCBIGene:5743', 'GO:0019370', 'GO:0001516', 'GO:0006954', 'MONDO:0005157', 'MONDO:0004952']",11,100.0
DB00959_MESH_D013717_1,"['PUBCHEM.COMPOUND:6741', 'NCBIGene:2908', 'NCBIGene:301', 'NCBIGene:5321', 'NCBIGene:5742', 'NCBIGene:5743', 'GO:0019370', 'GO:0001516', 'GO:0006954', 'UBERON:0011233', 'MONDO:0004855']",11,100.0
DB00620_MESH_D001249_1,"['PUBCHEM.COMPOUND:31307', 'NCBIGene:2908', 'NCBIGene:301', 'NCBIGene:5321', 'NCBIGene:5742', 'NCBIGene:5743', 'GO:0019370', 'GO:0001516', 'GO:0006954', 'UBERON:0002185', 'MONDO:0004979']",11,100.0
DB00620_MESH_D001327_1,"['PUBCHEM.COMPOUND:31307', 'NCBIGene:2908', 'NCBIGene:301', 'NCBIGene:5321', 'NCBIGene:5742', 'NCBIGene:5743', 'GO:0019370', 'GO:0001516', 'GO:0006954', 'MONDO:0007179', 'MONDO:0007179']",11,100.0
DB00620_MESH_D003877_1,"['PUBCHEM.COMPOUND:31307', 'NCBIGene:2908', 'NCBIGene:301', 'NCBIGene:5321', 'NCBIGene:5742', 'NCBIGene:5743', 'GO:0019370', 'GO:0001516', 'GO:0006954', 'MONDO:0002406', 'MONDO:0005480']",11,100.0
DB00620_MESH_D003873_1,"['PUBCHEM.COMPOUND:31307', 'NCBIGene:2908', 'NCBIGene:301', 'NCBIGene:5321', 'NCBIGene:5742', 'NCBIGene:5743', 'GO:0019370', 'GO:0001516', 'GO:0006954', 'MONDO:0002406', 'MONDO:0043233']",11,100.0
DB00620_MESH_D012628_1,"['PUBCHEM.COMPOUND:31307', 'NCBIGene:2908', 'NCBIGene:301', 'NCBIGene:5321', 'NCBIGene:5742', 'NCBIGene:5743', 'GO:0019370', 'GO:0001516', 'GO:0006954', 'MONDO:0002406', 'MONDO:0006608']",11,100.0
DB00959_MESH_D008228_1,"['PUBCHEM.COMPOUND:6741', 'NCBIGene:2908', 'NCBIGene:301', 'NCBIGene:5321', 'NCBIGene:5742', 'NCBIGene:5743', 'GO:0019370', 'GO:0001516', 'GO:0006954', 'MONDO:0005157', 'MONDO:0018908']",11,100.0
DB00620_MESH_D011565_1,"['PUBCHEM.COMPOUND:31307', 'NCBIGene:2908', 'NCBIGene:301', 'NCBIGene:5321', 'NCBIGene:5742', 'NCBIGene:5743', 'GO:0019370', 'GO:0001516', 'GO:0006954', 'MONDO:0002406', 'MONDO:0005083']",11,100.0
DB00620_MESH_D000799_1,"['PUBCHEM.COMPOUND:31307', 'NCBIGene:2908', 'NCBIGene:301', 'NCBIGene:5321', 'NCBIGene:5742', 'NCBIGene:5743', 'GO:0019370', 'GO:0001516', 'GO:0006954', 'UBERON:0002067', 'MONDO:0010481']",11,100.0
DB00959_MESH_D003876_1,"['PUBCHEM.COMPOUND:6741', 'NCBIGene:2908', 'NCBIGene:301', 'NCBIGene:5321', 'NCBIGene:5742', 'NCBIGene:5743', 'GO:0019370', 'GO:0001516', 'GO:0006954', 'MONDO:0002406', 'MONDO:0011292']",11,100.0
DB00959_MESH_D016460_1,"['PUBCHEM.COMPOUND:6741', 'NCBIGene:2908', 'NCBIGene:301', 'NCBIGene:5321', 'NCBIGene:5742', 'NCBIGene:5743', 'GO:0019370', 'GO:0001516', 'GO:0006954', 'MONDO:0002406', 'MONDO:0006554']",11,100.0
DB00959_MESH_D012628_1,"['PUBCHEM.COMPOUND:6741', 'NCBIGene:2908', 'NCBIGene:301', 'NCBIGene:5321', 'NCBIGene:5742', 'NCBIGene:5743', 'GO:0019370', 'GO:0001516', 'GO:0006954', 'MONDO:0002406', 'MONDO:0006608']",11,100.0
DB00959_MESH_D003874_1,"['PUBCHEM.COMPOUND:6741', 'NCBIGene:2908', 'NCBIGene:301', 'NCBIGene:5321', 'NCBIGene:5742', 'NCBIGene:5743', 'GO:0019370', 'GO:0001516', 'GO:0006954', 'MONDO:0002406', 'MONDO:0015614']",11,100.0
DB00959_MESH_D003873_1,"['PUBCHEM.COMPOUND:6741', 'NCBIGene:2908', 'NCBIGene:301', 'NCBIGene:5321', 'NCBIGene:5742', 'NCBIGene:5743', 'GO:0019370', 'GO:0001516', 'GO:0006954', 'MONDO:0002406', 'MONDO:0043233']",11,100.0
DB00959_MESH_D006689_1,"['PUBCHEM.COMPOUND:6741', 'NCBIGene:2908', 'NCBIGene:301', 'NCBIGene:5321', 'NCBIGene:5742', 'NCBIGene:5743', 'GO:0019370', 'GO:0001516', 'GO:0006954', 'MONDO:0005157', 'MONDO:0004952']",11,100.0
DB00959_MESH_D003877_1,"['PUBCHEM.COMPOUND:6741', 'NCBIGene:2908', 'NCBIGene:301', 'NCBIGene:5321', 'NCBIGene:5742', 'NCBIGene:5743', 'GO:0019370', 'GO:0001516', 'GO:0006954', 'MONDO:0002406', 'MONDO:0005480']",11,100.0
DB00959_MESH_D015212_1,"['PUBCHEM.COMPOUND:6741', 'NCBIGene:2908', 'NCBIGene:301', 'NCBIGene:5321', 'NCBIGene:5742', 'NCBIGene:5743', 'GO:0019370', 'GO:0001516', 'GO:0006954', 'UBERON:0001555', 'MONDO:0005265']",11,100.0
DB00959_MESH_D007819_1,"['PUBCHEM.COMPOUND:6741', 'NCBIGene:2908', 'NCBIGene:301', 'NCBIGene:5321', 'NCBIGene:5742', 'NCBIGene:5743', 'GO:0019370', 'GO:0001516', 'GO:0006954', 'UBERON:0001737', 'HP:0012027']",11,100.0
DB00959_MESH_D008179_1,"['PUBCHEM.COMPOUND:6741', 'NCBIGene:2908', 'NCBIGene:301', 'NCBIGene:5321', 'NCBIGene:5742', 'NCBIGene:5743', 'GO:0019370', 'GO:0001516', 'GO:0006954', 'MONDO:0007179', 'MONDO:0019558']",11,100.0
DB00959_MESH_D005076_1,"['PUBCHEM.COMPOUND:6741', 'NCBIGene:2908', 'NCBIGene:301', 'NCBIGene:5321', 'NCBIGene:5742', 'NCBIGene:5743', 'GO:0019370', 'GO:0001516', 'GO:0006954', 'MONDO:0006547', 'MONDO:0006547']",11,100.0
DB00959_MESH_D002062_1,"['PUBCHEM.COMPOUND:6741', 'NCBIGene:2908', 'NCBIGene:301', 'NCBIGene:5321', 'NCBIGene:5742', 'NCBIGene:5743', 'GO:0019370', 'GO:0001516', 'GO:0006954', 'UBERON:0003668', 'MONDO:0002471']",11,100.0
DB00959_MESH_D008180_1,"['PUBCHEM.COMPOUND:6741', 'NCBIGene:2908', 'NCBIGene:301', 'NCBIGene:5321', 'NCBIGene:5742', 'NCBIGene:5743', 'GO:0019370', 'GO:0001516', 'GO:0006954', 'MONDO:0007179', 'MONDO:0007915']",11,100.0
DB00959_MESH_D001929_1,"['PUBCHEM.COMPOUND:6741', 'NCBIGene:2908', 'NCBIGene:301', 'NCBIGene:5321', 'NCBIGene:5742', 'NCBIGene:5743', 'GO:0019370', 'GO:0001516', 'GO:0006954', 'UBERON:0000955', 'MONDO:0006684']",11,100.0
DB00959_MESH_D003424_1,"['PUBCHEM.COMPOUND:6741', 'NCBIGene:2908', 'NCBIGene:301', 'NCBIGene:5321', 'NCBIGene:5742', 'NCBIGene:5743', 'GO:0019370', 'GO:0001516', 'GO:0006954', 'UBERON:0001555', 'MONDO:0005011']",11,100.0
DB00620_MESH_D000744_1,"['PUBCHEM.COMPOUND:6436', 'NCBIGene:2908', 'NCBIGene:301', 'NCBIGene:5321', 'NCBIGene:5742', 'NCBIGene:5743', 'GO:0019370', 'GO:0001516', 'GO:0006954', 'MONDO:0003664', 'MONDO:0020108']",11,100.0
DB00959_MESH_D008224_1,"['PUBCHEM.COMPOUND:6741', 'NCBIGene:2908', 'NCBIGene:301', 'NCBIGene:5321', 'NCBIGene:5742', 'NCBIGene:5743', 'GO:0019370', 'GO:0001516', 'GO:0006954', 'MONDO:0005157', 'MONDO:0018906']",11,100.0
DB12459_MESH_D002289_2,"['PUBCHEM.COMPOUND:60750', 'NCBIGene:7298', 'NCBIGene:51727', 'NCBIGene:6240', 'GO:0006235', 'GO:0006225', 'GO:0061731', 'GO:1904860', 'HP:0031377', 'MONDO:0005233']",10,100.0
DB00443_MESH_D012507_1,"['PUBCHEM.COMPOUND:9782', 'NCBIGene:2908', 'NCBIGene:301', 'NCBIGene:5321', 'NCBIGene:5742', 'NCBIGene:5743', 'GO:0019370', 'GO:0001516', 'GO:0006954', 'MONDO:0019338']",10,100.0
DB09068_MESH_D003865_1,"['PUBCHEM.COMPOUND:9966051', 'NCBIGene:6532', 'GO:0051610', 'PUBCHEM.COMPOUND:5202', 'GO:0060096', 'NCBIGene:3350', 'NCBIGene:3359', 'NCBIGene:3363', 'NCBIGene:3351', 'MONDO:0002009']",10,100.0
DB12459_MESH_D010051_2,"['PUBCHEM.COMPOUND:60750', 'NCBIGene:7298', 'NCBIGene:51727', 'NCBIGene:6240', 'GO:0006235', 'GO:0006225', 'GO:0061731', 'GO:1904860', 'HP:0031377', 'MONDO:0008170']",10,100.0
DB00570_MESH_D009182_2,"['PUBCHEM.COMPOUND:241903', 'NCBIGene:7846', 'NCBIGene:203068', 'NCBIGene:51174', 'NCBIGene:7283', 'NCBIGene:51175', 'GO:1902850', 'GO:0140014', 'GO:0008283', 'MONDO:0009691']",10,100.0
DB06701_MESH_D001289_1,"['PUBCHEM.COMPOUND:154101', 'NCBIGene:6530', 'NCBIGene:6531', 'GO:0051620', 'GO:0051583', 'PUBCHEM.COMPOUND:439260', 'PUBCHEM.COMPOUND:681', 'GO:0061533', 'GO:0061527', 'MONDO:0005302']",10,100.0
DB01367_MESH_D010300_1,"['PUBCHEM.COMPOUND:3052776', 'PR:000004716', 'UMLS:C1579754', 'NCBIGene:4129', 'NCBIGene:596', 'GO:0051402', 'GO:0022008', 'GO:0042420', 'GO:0001963', 'MONDO:0005180']",10,100.0
DB00901_MESH_D001987_1,"['PUBCHEM.COMPOUND:35330', 'NCBIGene:154', 'GO:0071871', 'NCBIGene:111', 'PUBCHEM.COMPOUND:6076', 'GO:0070509', 'GO:0006939', 'UBERON:0002185', 'GO:0006954', 'MONDO:0004822']",10,100.0
DB00901_MESH_D001249_1,"['PUBCHEM.COMPOUND:35330', 'NCBIGene:154', 'GO:0071871', 'NCBIGene:111', 'PUBCHEM.COMPOUND:6076', 'GO:0070509', 'GO:0006939', 'UBERON:0002185', 'GO:0006954', 'MONDO:0004979']",10,100.0
DB00563_MESH_D001172_1,"['PUBCHEM.COMPOUND:126941', 'PUBCHEM.COMPOUND:4112', 'NCBIGene:471', 'PUBCHEM.COMPOUND:65110', 'NCBIGene:100', 'PUBCHEM.COMPOUND:60961', 'CHV:0000000725', 'CL:0000542', 'GO:0006954', 'MONDO:0008383']",10,100.0
DB00901_MESH_D001991_1,"['PUBCHEM.COMPOUND:35330', 'NCBIGene:154', 'GO:0071871', 'NCBIGene:111', 'PUBCHEM.COMPOUND:6076', 'GO:0070509', 'GO:0006939', 'UBERON:0002185', 'GO:0006954', 'MONDO:0003781']",10,100.0
DB00399_MESH_D015663_1,"['PUBCHEM.COMPOUND:68740', 'NCBIGene:2224', 'NCBIGene:9453', 'CHEBI:52255', 'GO:0008299', 'GO:0001503', 'GO:1990523', 'GO:0045453', 'HP:0004349', 'MONDO:0008159']",10,100.0
DB00570_MESH_D031901_2,"['PUBCHEM.COMPOUND:241903', 'NCBIGene:7846', 'NCBIGene:203068', 'NCBIGene:51174', 'NCBIGene:7283', 'NCBIGene:51175', 'GO:1902850', 'GO:0140014', 'GO:0008283', 'MONDO:0009273']",10,100.0
DB00570_MESH_D008228_2,"['PUBCHEM.COMPOUND:241903', 'NCBIGene:7846', 'NCBIGene:203068', 'NCBIGene:51174', 'NCBIGene:7283', 'NCBIGene:51175', 'GO:1902850', 'GO:0140014', 'GO:0008283', 'MONDO:0018908']",10,100.0
DB00968_MESH_D006973_1,"['PUBCHEM.COMPOUND:38853', 'PUBCHEM.COMPOUND:164739', 'NCBIGene:150', 'NCBIGene:151', 'NCBIGene:152', 'GO:0048242', 'GO:0048243', 'GO:0042310', 'HP:0032263', 'MONDO:0005044']",10,100.0
DB00563_MESH_D001171_1,"['PUBCHEM.COMPOUND:126941', 'PUBCHEM.COMPOUND:4112', 'NCBIGene:471', 'PUBCHEM.COMPOUND:65110', 'NCBIGene:100', 'PUBCHEM.COMPOUND:60961', 'CHV:0000000725', 'CL:0000542', 'GO:0006954', 'MONDO:0011429']",10,100.0
DB00563_MESH_D011565_1,"['PUBCHEM.COMPOUND:126941', 'PUBCHEM.COMPOUND:4112', 'NCBIGene:471', 'PUBCHEM.COMPOUND:65110', 'NCBIGene:100', 'PUBCHEM.COMPOUND:60961', 'CHV:0000000725', 'CL:0000542', 'GO:0006954', 'MONDO:0005083']",10,100.0
DB01098_MESH_D015228_1,"['PUBCHEM.COMPOUND:5282455', 'NCBIGene:3156', 'GO:0006695', 'PUBCHEM.COMPOUND:5997', 'NCBIGene:3949', 'GO:0034383', 'UMLS:C0023823', 'PUBCHEM.COMPOUND:5460048', 'MONDO:0005311', 'MONDO:0005347']",10,100.0
DB00620_MESH_D009404_1,"['PUBCHEM.COMPOUND:31307', 'NCBIGene:2908', 'NCBIGene:301', 'NCBIGene:5321', 'NCBIGene:5742', 'NCBIGene:5743', 'GO:0019370', 'GO:0001516', 'GO:0006954', 'MONDO:0005377']",10,100.0
DB00570_MESH_C538636_2,"['PUBCHEM.COMPOUND:241903', 'NCBIGene:7846', 'NCBIGene:203068', 'NCBIGene:51174', 'NCBIGene:7283', 'NCBIGene:51175', 'GO:1902850', 'GO:0140014', 'GO:0008283', 'MONDO:0009519']",10,100.0
DB00570_MESH_D013736_2,"['PUBCHEM.COMPOUND:241903', 'NCBIGene:7846', 'NCBIGene:203068', 'NCBIGene:51174', 'NCBIGene:7283', 'NCBIGene:51175', 'GO:1902850', 'GO:0140014', 'GO:0008283', 'MONDO:0005447']",10,100.0
DB00838_MESH_D016410_1,"['PUBCHEM.COMPOUND:5282493', 'NCBIGene:2908', 'NCBIGene:301', 'NCBIGene:5321', 'NCBIGene:5743', 'PUBCHEM.COMPOUND:6145931', 'GO:0006954', 'HP:0000989', 'MONDO:0006547', 'MONDO:0000607']",10,100.0
DB00838_MESH_D003876_1,"['PUBCHEM.COMPOUND:5282493', 'NCBIGene:2908', 'NCBIGene:301', 'NCBIGene:5321', 'NCBIGene:5743', 'PUBCHEM.COMPOUND:6145931', 'GO:0006954', 'HP:0000989', 'HP:0000969', 'MONDO:0011292']",10,100.0
DB00570_MESH_D006689_2,"['PUBCHEM.COMPOUND:241903', 'NCBIGene:7846', 'NCBIGene:203068', 'NCBIGene:51174', 'NCBIGene:7283', 'NCBIGene:51175', 'GO:1902850', 'GO:0140014', 'GO:0008283', 'MONDO:0004952']",10,100.0
DB05812_MESH_D011471_3,"['PUBCHEM.COMPOUND:9821849', 'NCBIGene:1584', 'NCBIGene:1589', 'NCBIGene:1544', 'NCBIGene:1559', 'NCBIGene:1576', 'GO:0006704', 'GO:0061370', 'HP:0030088', 'MONDO:0008315']",10,100.0
DB00710_MESH_D015663_1,"['PUBCHEM.COMPOUND:60852', 'NCBIGene:2224', 'NCBIGene:9453', 'CHEBI:52255', 'GO:0008299', 'GO:0001503', 'GO:1990523', 'GO:0045453', 'HP:0004349', 'MONDO:0008159']",10,100.0
DB00747_MESH_D003371_1,"['CHEMBL.COMPOUND:CHEMBL2251240', 'NCBIGene:1128', 'NCBIGene:1129', 'NCBIGene:1131', 'NCBIGene:1132', 'NCBIGene:1133', 'GO:1905144', 'UMLS:C0079043', 'MONDO:0004979', 'HP:0012735']",10,100.0
DB00799_MESH_D011565_1,"['PUBCHEM.COMPOUND:5381', 'NCBIGene:5914', 'NCBIGene:5915', 'NCBIGene:6257', 'NCBIGene:5916', 'MONDO:0043233', 'GO:0043616', 'UMLS:C2936222', 'GO:0006954', 'MONDO:0005083']",10,100.0
DB05812_MESH_D011471_2,"['PUBCHEM.COMPOUND:9821849', 'NCBIGene:1584', 'NCBIGene:1589', 'NCBIGene:1544', 'NCBIGene:1559', 'NCBIGene:1576', 'GO:0008203', 'GO:0061370', 'HP:0030088', 'MONDO:0008315']",10,100.0
DB00244_MESH_D003093_1,"['PUBCHEM.COMPOUND:4075', 'NCBIGene:5742', 'NCBIGene:5743', 'NCBIGene:240', 'NCBIGene:5468', 'PUBCHEM.COMPOUND:6145931', 'CHEBI:25029', 'GO:0038061', 'GO:0006954', 'MONDO:0005101']",10,100.0
DB02329_MESH_D010437_1,"['PUBCHEM.COMPOUND:636403', 'NCBIGene:3290', 'NCBIGene:3248', 'GO:0016491', 'GO:0016616', 'PUBCHEM.COMPOUND:6145931', 'GO:0070254', 'GO:0008283', 'GO:0001696', 'MONDO:0004247']",10,100.0
DB00643_MESH_D014257_1,"['PUBCHEM.COMPOUND:4030', 'NCBIGene:7846', 'NCBIGene:10383', 'GO:0046323', 'GO:0046785', 'GO:0042773', 'GO:0140014', 'NCBITaxon:36087', 'GO:0051301', 'MONDO:0005996']",10,100.0
DB00643_MESH_D001196_1,"['PUBCHEM.COMPOUND:4030', 'NCBIGene:7846', 'NCBIGene:10383', 'GO:0046323', 'GO:0046785', 'GO:0042773', 'GO:0140014', 'NCBITaxon:6252', 'GO:0051301', 'MONDO:0005654']",10,100.0
DB00643_MESH_D017229_1,"['PUBCHEM.COMPOUND:4030', 'NCBIGene:7846', 'NCBIGene:10383', 'GO:0046323', 'GO:0046785', 'GO:0042773', 'GO:0140014', 'UMLS:C0600211', 'NCBITaxon:51028', 'GO:0051301', 'MONDO:0005746']",10,100.0
DB05271_MESH_D010300_1,"['PUBCHEM.COMPOUND:59227', 'NCBIGene:1814', 'NCBIGene:1815', 'NCBIGene:1813', 'NCBIGene:1816', 'NCBIGene:1812', 'PUBCHEM.COMPOUND:681', 'HP:0002360', 'MONDO:0001627', 'MONDO:0005180']",10,100.0
DB010473_MESH_D003876_1,"['PUBCHEM.COMPOUND:9642', 'NCBIGene:2908', 'NCBIGene:301', 'NCBIGene:5321', 'NCBIGene:5743', 'PUBCHEM.COMPOUND:6145931', 'GO:0006954', 'HP:0000989', 'HP:0000969', 'MONDO:0011292']",10,100.0
DB01047_MESH_D016410_1,"['PUBCHEM.COMPOUND:9642', 'NCBIGene:2908', 'NCBIGene:301', 'NCBIGene:5321', 'NCBIGene:5743', 'PUBCHEM.COMPOUND:6145931', 'GO:0006954', 'HP:0000989', 'MONDO:0006547', 'MONDO:0000607']",10,100.0
DB00747_MESH_D012223_1,"['CHEMBL.COMPOUND:CHEMBL2251240', 'NCBIGene:1128', 'NCBIGene:1129', 'NCBIGene:1131', 'NCBIGene:1132', 'NCBIGene:1133', 'GO:1905144', 'UBERON:0012278', 'UBERON:0002306', 'MONDO:0006004']",10,100.0
DB00443_MESH_D009404_1,"['PUBCHEM.COMPOUND:9782', 'NCBIGene:2908', 'NCBIGene:301', 'NCBIGene:5321', 'NCBIGene:5742', 'NCBIGene:5743', 'GO:0019370', 'GO:0001516', 'GO:0006954', 'MONDO:0005377']",10,100.0
DB00747_MESH_D003139_1,"['CHEMBL.COMPOUND:CHEMBL2251240', 'NCBIGene:1128', 'NCBIGene:1129', 'NCBIGene:1131', 'NCBIGene:1132', 'NCBIGene:1133', 'GO:1905144', 'UBERON:0012278', 'UBERON:0002306', 'MONDO:0005709']",10,100.0
DB00747_MESH_D065631_1,"['CHEMBL.COMPOUND:CHEMBL2251240', 'NCBIGene:1128', 'NCBIGene:1129', 'NCBIGene:1131', 'NCBIGene:1132', 'NCBIGene:1133', 'GO:1905144', 'UBERON:0012278', 'UBERON:0002306', 'MONDO:0011786']",10,100.0
DB00668_MESH_D005902_1,"['PUBCHEM.COMPOUND:5816', 'NCBIGene:148', 'NCBIGene:147', 'NCBIGene:146', 'REACT:R-HSA-416476', 'REACT:R-HSA-416482', 'GO:0042310', 'UBERON:0001796', 'HP:0007906', 'MONDO:0005338']",10,100.0
DB01156_MESH_D014029_1,"['PUBCHEM.COMPOUND:444', 'NCBIGene:6531', 'GO:0090494', 'PUBCHEM.COMPOUND:681', 'NCBIGene:1136', 'REACT:R-HSA-629587', 'REACT:R-HSA-629594', 'REACT:R-HSA-629597', 'HP:0030858', 'MONDO:0008575']",10,100.0
DB12323_MESH_D015464_1,"['PUBCHEM.COMPOUND:16063245', 'NCBIGene:25', 'UMLS:C0004891', 'MESH:D017479', 'GO:0004713', 'GO:0035791', 'GO:0008283', 'GO:0048008', 'GO:0001525', 'MONDO:0011996']",10,100.0
DB01244_MESH_D000787_1,"['PUBCHEM.COMPOUND:2351', 'NCBIGene:3784', 'NCBIGene:3757', 'REACT:R-HSA-5576890', 'REACT:R-HSA-1296072', 'GO:0086013', 'HP:0001657', 'HP:0004308', 'MONDO:0024644', 'HP:0001681']",10,100.0
DB01064_MESH_D003139_1,"['PUBCHEM.COMPOUND:3779', 'NCBIGene:153', 'NCBIGene:154', 'NCBIGene:155', 'NCBIGene:111', 'PUBCHEM.COMPOUND:6076', 'GO:0044557', 'HP:0002098', 'GO:0006954', 'MONDO:0005709']",10,100.0
DB00846_MESH_D016410_1,"['PUBCHEM.COMPOUND:15209', 'NCBIGene:2908', 'NCBIGene:301', 'NCBIGene:5321', 'NCBIGene:5743', 'PUBCHEM.COMPOUND:6145931', 'GO:0006954', 'HP:0000989', 'MONDO:0006547', 'MONDO:0000607']",10,100.0
DB00846_MESH_D003876_1,"['PUBCHEM.COMPOUND:15209', 'NCBIGene:2908', 'NCBIGene:301', 'NCBIGene:5321', 'NCBIGene:5743', 'PUBCHEM.COMPOUND:6145931', 'GO:0006954', 'HP:0000989', 'HP:0000969', 'MONDO:0011292']",10,100.0
DB01144_MESH_D005902_1,"['PUBCHEM.COMPOUND:3038', 'NCBIGene:759', 'NCBIGene:760', 'NCBIGene:762', 'NCBIGene:766', 'NCBIGene:771', 'GO:0015701', 'UBERON:0001796', 'HP:0007906', 'MONDO:0005338']",10,100.0
DB00078_MESH_D008224_1,"['UNII:4Q52C550XK', 'NCBIGene:931', 'GO:0006959', 'MESH:D015021', 'MESH:D001610', 'GO:0001788', 'GO:0097278', 'GO:0008219', 'CL:0001063', 'MONDO:0018906']",10,100.0
DB00476_MESH_D003865_2,"['PUBCHEM.COMPOUND:44181886', 'NCBIGene:6532', 'NCBIGene:6530', 'GO:0051610', 'PUBCHEM.COMPOUND:5202', 'GO:0051620', 'PUBCHEM.COMPOUND:439260', 'GO:0061533', 'GO:0060096', 'MONDO:0002009']",10,100.0
DB01144_MESH_D015812_1,"['PUBCHEM.COMPOUND:3038', 'NCBIGene:759', 'NCBIGene:760', 'NCBIGene:762', 'NCBIGene:766', 'NCBIGene:771', 'GO:0015701', 'UBERON:0001796', 'HP:0007906', 'MONDO:0001744']",10,100.0
DB06710_MESH_D019584_1,"['PUBCHEM.COMPOUND:6010', 'UniProtKB:P10275', 'PUBCHEM.COMPOUND:66413', 'NCBIGene:2099', 'UMLS:C0042404', 'GO:0097746', 'GO:0006874', 'GO:0001659', 'HP:0005968', 'HP:0031217']",10,100.0
DB00620_MESH_D012507_1,"['PUBCHEM.COMPOUND:6436', 'NCBIGene:2908', 'NCBIGene:301', 'NCBIGene:5321', 'NCBIGene:5742', 'NCBIGene:5743', 'GO:0019370', 'GO:0001516', 'GO:0006954', 'MONDO:0019338']",10,100.0
DB00924_MESH_D009128_1,"['PUBCHEM.COMPOUND:2895', 'NCBIGene:3356', 'NCBIGene:3358', 'GO:0060096', 'GO:0050883', 'UBERON:0025593', 'UBERON:0002240', 'MONDO:0007774', 'HP:0003394', 'HP:0001257']",10,100.0
DB00740_MESH_D000690_1,"['PUBCHEM.COMPOUND:5070', 'NCBIGene:6331', 'GO:0004972', 'GO:0098719', 'GO:0061535', 'GO:0070509', 'GO:0090280', 'GO:0051899', 'UMLS:C2754100', 'MONDO:0004976']",10,100.0
DB00620_MESH_D013281_1,"['PUBCHEM.COMPOUND:6436', 'NCBIGene:2908', 'NCBIGene:301', 'NCBIGene:5321', 'NCBIGene:5742', 'NCBIGene:5743', 'GO:0019370', 'GO:0001516', 'GO:0006954', 'MONDO:0005318']",10,100.0
DB00901_MESH_D011656_1,"['PUBCHEM.COMPOUND:35330', 'NCBIGene:154', 'GO:0071871', 'NCBIGene:111', 'PUBCHEM.COMPOUND:6076', 'GO:0070509', 'GO:0006939', 'UBERON:0002187', 'GO:0006954', 'MONDO:0004849']",10,100.0
DB00352_MESH_D015470_1,"['PUBCHEM.COMPOUND:2723601', 'PUBCHEM.COMPOUND:3034646', 'NCBIGene:3251', 'NCBIGene:5471', 'PR:000022851', 'PUBCHEM.COMPOUND:44135672', 'GO:0006164', 'GO:0016049', 'CL:0001063', 'MONDO:0018874']",10,100.0
DB00399_MESH_D010024_1,"['PUBCHEM.COMPOUND:68740', 'NCBIGene:2224', 'NCBIGene:9453', 'CHEBI:52255', 'GO:0008299', 'GO:0001503', 'GO:1990523', 'GO:0045453', 'HP:0004349', 'MONDO:0005298']",10,100.0
DB00620_MESH_D005128_1,"['PUBCHEM.COMPOUND:6436', 'NCBIGene:2908', 'NCBIGene:301', 'NCBIGene:5321', 'NCBIGene:5742', 'NCBIGene:5743', 'GO:0019370', 'GO:0001516', 'GO:0006954', 'MONDO:0005328']",10,100.0
DB00451_MESH_D003409_1,"['PUBCHEM.COMPOUND:5819', 'PUBCHEM.COMPOUND:5920', 'NCBIGene:7067', 'NCBIGene:7068', 'GO:0002154', 'HP:0001508', 'HP:0001252', 'HP:0002045', 'MONDO:0001071', 'MONDO:0018612']",10,100.0
DB00860_MESH_D003607_1,"['PUBCHEM.COMPOUND:5755', 'NCBIGene:2908', 'NCBIGene:301', 'NCBIGene:5321', 'NCBIGene:5742', 'NCBIGene:5743', 'GO:0019370', 'GO:0001516', 'GO:0006954', 'MONDO:0004926']",10,100.0
DB00959_MESH_D009404_1,"['PUBCHEM.COMPOUND:6741', 'NCBIGene:2908', 'NCBIGene:301', 'NCBIGene:5321', 'NCBIGene:5742', 'NCBIGene:5743', 'GO:0019370', 'GO:0001516', 'GO:0006954', 'MONDO:0005377']",10,100.0
DB00860_MESH_D004892_1,"['PUBCHEM.COMPOUND:5755', 'NCBIGene:2908', 'NCBIGene:301', 'NCBIGene:5321', 'NCBIGene:5742', 'NCBIGene:5743', 'GO:0019370', 'GO:0001516', 'GO:0006954', 'MONDO:0006545']",10,100.0
DB00860_MESH_D005128_1,"['PUBCHEM.COMPOUND:5755', 'NCBIGene:2908', 'NCBIGene:301', 'NCBIGene:5321', 'NCBIGene:5742', 'NCBIGene:5743', 'GO:0019370', 'GO:0001516', 'GO:0006954', 'MONDO:0005328']",10,100.0
DB00451_MESH_D007037_1,"['PUBCHEM.COMPOUND:5819', 'PUBCHEM.COMPOUND:5920', 'NCBIGene:7067', 'NCBIGene:7068', 'GO:0002154', 'GO:0001659', 'GO:0010460', 'GO:0120054', 'HP:0012378', 'MONDO:0005420']",10,100.0
DB00004_MESH_D016410_1,"['UNII:25E79B5CTM', 'NCBIGene:3559', 'NCBIGene:3560', 'NCBIGene:3561', 'GO:0006898', 'GO:1901998', 'UMLS:C0012550', 'NCBIGene:1938', 'GO:0006414', 'MONDO:0000607']",10,100.0
DB01235_MESH_D020734_1,"['PUBCHEM.COMPOUND:23497', 'NCBIGene:1812', 'NCBIGene:1816', 'NCBIGene:1813', 'NCBIGene:1814', 'NCBIGene:1815', 'PUBCHEM.COMPOUND:681', 'GO:0061527', 'MONDO:0005395', 'MONDO:0021095']",10,100.0
DB01238_MESH_D001321_1,"['PUBCHEM.COMPOUND:60795', 'NCBIGene:1813', 'NCBIGene:3356', 'NCBIGene:3350', 'PUBCHEM.COMPOUND:5202', 'PUBCHEM.COMPOUND:681', 'MONDO:0002050', 'GO:0060096', 'GO:0061527', 'MONDO:0005258']",10,100.0
DB00288_MESH_D003876_1,"['PUBCHEM.COMPOUND:443958', 'NCBIGene:2908', 'NCBIGene:301', 'NCBIGene:5321', 'NCBIGene:5743', 'PUBCHEM.COMPOUND:6145931', 'GO:0006954', 'HP:0000989', 'HP:0000969', 'MONDO:0011292']",10,100.0
DB00288_MESH_D016410_1,"['PUBCHEM.COMPOUND:443958', 'NCBIGene:2908', 'NCBIGene:301', 'NCBIGene:5321', 'NCBIGene:5743', 'PUBCHEM.COMPOUND:6145931', 'GO:0006954', 'HP:0000989', 'MONDO:0006547', 'MONDO:0000607']",10,100.0
DB00959_MESH_D012507_1,"['PUBCHEM.COMPOUND:6741', 'NCBIGene:2908', 'NCBIGene:301', 'NCBIGene:5321', 'NCBIGene:5742', 'NCBIGene:5743', 'GO:0019370', 'GO:0001516', 'GO:0006954', 'MONDO:0019338']",10,100.0
DB11093_MESH_D015663_1,"['PUBCHEM.COMPOUND:6918182', 'NCBIGene:846', 'PUBCHEM.COMPOUND:4378574', 'UMLS:C0029418', 'UMLS:C0029431', 'GO:0006915', 'GO:0070509', 'GO:0001503', 'GO:0045453', 'MONDO:0008159']",10,100.0
DB06718_MESH_D006470_1,"['PUBCHEM.COMPOUND:8556', 'PUBCHEM.COMPOUND:197855', 'HMDB:HMDB0303324', 'NCBIGene:2147', 'NCBIGene:2155', 'NCBIGene:2158', 'NCBIGene:2159', 'NCBIGene:5624', 'NCBIGene:2677', 'NCBIGene:5627', 'GO:0007596', 'NCIT:C26791']",10,100.0
DB00282_MESH_D010001_1,"['PUBCHEM.COMPOUND:4674', 'NCBIGene:2224', 'NCBIGene:9453', 'CHEBI:52255', 'GO:0008299', 'GO:0001503', 'GO:1990523', 'CL:0000092', 'GO:0045453', 'MONDO:0005382']",10,100.0
DB00282_MESH_C562390_1,"['PUBCHEM.COMPOUND:4674', 'NCBIGene:2224', 'NCBIGene:9453', 'CHEBI:52255', 'GO:0008299', 'GO:0001503', 'GO:1990523', 'CL:0000092', 'GO:0045453', 'MONDO:0043455']",10,100.0
DB00451_MESH_D006949_1,"['PUBCHEM.COMPOUND:5819', 'PUBCHEM.COMPOUND:5920', 'NCBIGene:7067', 'NCBIGene:7068', 'GO:0002154', 'NCBIGene:3949', 'CHEBI:47774', 'NCBIGene:116519', 'PUBCHEM.COMPOUND:5460048', 'MONDO:0021187']",10,100.0
DB01238_MESH_D012559_1,"['PUBCHEM.COMPOUND:60795', 'NCBIGene:1813', 'NCBIGene:3356', 'NCBIGene:3350', 'PUBCHEM.COMPOUND:5202', 'PUBCHEM.COMPOUND:681', 'MONDO:0002050', 'GO:0060096', 'GO:0061527', 'MONDO:0005090']",10,100.0
DB00570_MESH_D012514_2,"['PUBCHEM.COMPOUND:241903', 'NCBIGene:7846', 'NCBIGene:203068', 'NCBIGene:51174', 'NCBIGene:7283', 'NCBIGene:51175', 'GO:1902850', 'GO:0140014', 'GO:0008283', 'MONDO:0005055']",10,100.0
DB00959_MESH_D004892_1,"['PUBCHEM.COMPOUND:6741', 'NCBIGene:2908', 'NCBIGene:301', 'NCBIGene:5321', 'NCBIGene:5742', 'NCBIGene:5743', 'GO:0019370', 'GO:0001516', 'GO:0006954', 'MONDO:0006545']",10,100.0
DB01380_MESH_D009404_1,"['PUBCHEM.COMPOUND:222786', 'NCBIGene:2908', 'NCBIGene:301', 'NCBIGene:5321', 'NCBIGene:5742', 'NCBIGene:5743', 'GO:0019370', 'GO:0001516', 'GO:0006954', 'MONDO:0005377']",10,100.0
DB01057_MESH_D005902_1,"['PUBCHEM.COMPOUND:10548', 'NCBIGene:43', 'NCBIGene:590', 'GO:0003990', 'GO:0006581', 'PUBCHEM.COMPOUND:187', 'HP:0000616', 'UBERON:0001796', 'HP:0007906', 'MONDO:0005338']",10,100.0
DB01380_MESH_D012507_1,"['PUBCHEM.COMPOUND:222786', 'NCBIGene:2908', 'NCBIGene:301', 'NCBIGene:5321', 'NCBIGene:5742', 'NCBIGene:5743', 'GO:0019370', 'GO:0001516', 'GO:0006954', 'MONDO:0019338']",10,100.0
DB04145_MESH_D006949_1,"['PUBCHEM.COMPOUND:7510', 'PUBCHEM.COMPOUND:938', 'NCBIGene:8843', 'NCBIGene:338442', 'NCBIGene:84649', 'CHEBI:35366', 'NCBIGene:345', 'MESH:D015243', 'PUBCHEM.COMPOUND:5460048', 'MONDO:0021187']",10,100.0
DB00321_MESH_D003866_1,"['PUBCHEM.COMPOUND:2160', 'MONDO:0002050', 'NCBIGene:6530', 'NCBIGene:6532', 'GO:0051620', 'GO:0051610', 'GO:0061533', 'GO:0060096', 'NCBIGene:3356', 'MONDO:0002050']",10,100.0
DB00716_MESH_D001249_1,"['PUBCHEM.COMPOUND:50294', 'NCBIGene:57105', 'NCBIGene:10800', 'GO:0043303', 'PUBCHEM.COMPOUND:5280878', 'GO:0043117', 'GO:0006954', 'UMLS:C0079043', 'GO:0001821', 'MONDO:0004979']",10,100.0
DB01057_MESH_D005901_1,"['PUBCHEM.COMPOUND:10548', 'NCBIGene:43', 'NCBIGene:590', 'GO:0003990', 'GO:0006581', 'PUBCHEM.COMPOUND:187', 'HP:0000616', 'UBERON:0001796', 'HP:0007906', 'MONDO:0005041']",10,100.0
DB00703_MESH_D015812_1,"['PUBCHEM.COMPOUND:4100', 'NCBIGene:759', 'NCBIGene:760', 'NCBIGene:761', 'NCBIGene:762', 'NCBIGene:766', 'GO:0015701', 'UBERON:0001796', 'HP:0007906', 'MONDO:0001744']",10,100.0
DB00223_MESH_D003876_1,"['PUBCHEM.COMPOUND:71415', 'NCBIGene:2908', 'NCBIGene:301', 'NCBIGene:5321', 'NCBIGene:5743', 'PUBCHEM.COMPOUND:6145931', 'GO:0006954', 'HP:0000989', 'HP:0000969', 'MONDO:0011292']",10,100.0
DB00703_MESH_D005902_1,"['PUBCHEM.COMPOUND:4100', 'NCBIGene:759', 'NCBIGene:760', 'NCBIGene:761', 'NCBIGene:762', 'NCBIGene:766', 'GO:0015701', 'UBERON:0001796', 'HP:0007906', 'MONDO:0005338']",10,100.0
DB00959_MESH_D005128_1,"['PUBCHEM.COMPOUND:6741', 'NCBIGene:2908', 'NCBIGene:301', 'NCBIGene:5321', 'NCBIGene:5742', 'NCBIGene:5743', 'GO:0019370', 'GO:0001516', 'GO:0006954', 'MONDO:0005328']",10,100.0
DB00854_MESH_D010146_1,"['PUBCHEM.COMPOUND:5359272', 'NCBIGene:4988', 'REACT:R-HSA-111885', 'GO:0060081', 'NCBIGene:3767', 'GO:1990793', 'GO:0061535', 'GO:0099610', 'CL:0000198', 'HP:0012531']",10,100.0
DB01380_MESH_D005128_1,"['PUBCHEM.COMPOUND:222786', 'NCBIGene:2908', 'NCBIGene:301', 'NCBIGene:5321', 'NCBIGene:5742', 'NCBIGene:5743', 'GO:0019370', 'GO:0001516', 'GO:0006954', 'MONDO:0005328']",10,100.0
DB01380_MESH_D004892_1,"['PUBCHEM.COMPOUND:222786', 'NCBIGene:2908', 'NCBIGene:301', 'NCBIGene:5321', 'NCBIGene:5742', 'NCBIGene:5743', 'GO:0019370', 'GO:0001516', 'GO:0006954', 'MONDO:0006545']",10,100.0
DB00741_MESH_D009404_1,"['PUBCHEM.COMPOUND:5754', 'NCBIGene:2908', 'NCBIGene:301', 'NCBIGene:5321', 'NCBIGene:5742', 'NCBIGene:5743', 'GO:0019370', 'GO:0001516', 'GO:0006954', 'MONDO:0005377']",10,100.0
DB00223_MESH_D016410_1,"['PUBCHEM.COMPOUND:71415', 'NCBIGene:2908', 'NCBIGene:301', 'NCBIGene:5321', 'NCBIGene:5743', 'PUBCHEM.COMPOUND:6145931', 'GO:0006954', 'HP:0000989', 'MONDO:0006547', 'MONDO:0000607']",10,100.0
DB00663_MESH_D003876_1,"['PUBCHEM.COMPOUND:16490', 'NCBIGene:2908', 'NCBIGene:301', 'NCBIGene:5321', 'NCBIGene:5743', 'PUBCHEM.COMPOUND:6145931', 'GO:0006954', 'HP:0000989', 'HP:0000969', 'MONDO:0011292']",10,100.0
DB00860_MESH_D009404_1,"['PUBCHEM.COMPOUND:5755', 'NCBIGene:2908', 'NCBIGene:301', 'NCBIGene:5321', 'NCBIGene:5742', 'NCBIGene:5743', 'GO:0019370', 'GO:0001516', 'GO:0006954', 'MONDO:0005377']",10,100.0
DB00663_MESH_D016410_1,"['PUBCHEM.COMPOUND:16490', 'NCBIGene:2908', 'NCBIGene:301', 'NCBIGene:5321', 'NCBIGene:5743', 'PUBCHEM.COMPOUND:6145931', 'GO:0006954', 'HP:0000989', 'MONDO:0006547', 'MONDO:0000607']",10,100.0
DB01142_MESH_D001714_1,"['PUBCHEM.COMPOUND:3158', 'NCBIGene:6532', 'NCBIGene:6530', 'GO:0051610', 'PUBCHEM.COMPOUND:5202', 'GO:0051620', 'PUBCHEM.COMPOUND:439260', 'GO:0061533', 'GO:0060096', 'MONDO:0004985']",10,100.0
DB00445_MESH_D001943_1,"['PUBCHEM.COMPOUND:41867', 'NCBIGene:7153', 'GO:0032993', 'CHEBI:26519', 'GO:0090734', 'GO:0006260', 'HP:0031377', 'GO:0006915', 'GO:0140014', 'MONDO:0021100']",10,100.0
DB00240_MESH_D003877_1,"['PUBCHEM.COMPOUND:636374', 'MESH:D016207', 'EFO:0003786', 'PUBCHEM.COMPOUND:774', 'NCBIGene:2908', 'GO:0006954', 'CHV:0000014299', 'PathWhiz.ProteinComplex:13360', 'PR:000012798', 'CHEBI:25029', 'UBERON:0002097', 'MONDO:0005480']",10,100.0
DB00204_MESH_D001281_1,"['PUBCHEM.COMPOUND:71329', 'NCBIGene:3757', 'NCBIGene:3776', 'NCBIGene:3768', 'GO:0030322', 'GO:0061337', 'REACT:R-HSA-5576890', 'UMLS:C1720801', 'HP:0001692', 'MONDO:0004981']",10,100.0
DB00240_MESH_D012628_1,"['PUBCHEM.COMPOUND:636374', 'MESH:D016207', 'EFO:0003786', 'PUBCHEM.COMPOUND:774', 'NCBIGene:2908', 'CHV:0000014299', 'PathWhiz.ProteinComplex:13360', 'PR:000012798', 'GO:0006954', 'UBERON:0000403', 'CHEBI:25029', 'MONDO:0006608']",10,100.0
DB00652_MESH_D010146_1,"['PUBCHEM.COMPOUND:441278', 'NCBIGene:4986', 'REACT:R-HSA-111885', 'GO:0060081', 'NCBIGene:3767', 'GO:1990793', 'GO:0061535', 'GO:0099610', 'CL:0000198', 'HP:0012531']",10,100.0
DB00652_MESH_D010146_2,"['PUBCHEM.COMPOUND:441278', 'NCBIGene:4986', 'REACT:R-HSA-111885', 'GO:0060081', 'NCBIGene:3767', 'GO:1990793', 'GO:0061535', 'GO:0099610', 'CL:0000198', 'HP:0012531']",10,100.0
DB00596_MESH_D003876_1,"['PUBCHEM.COMPOUND:5311167', 'NCBIGene:2908', 'NCBIGene:301', 'NCBIGene:5321', 'NCBIGene:5743', 'PUBCHEM.COMPOUND:6145931', 'GO:0006954', 'HP:0000989', 'HP:0000969', 'MONDO:0011292']",10,100.0
DB00443_MESH_D004892_1,"['PUBCHEM.COMPOUND:9782', 'NCBIGene:2908', 'NCBIGene:301', 'NCBIGene:5321', 'NCBIGene:5742', 'NCBIGene:5743', 'GO:0019370', 'GO:0001516', 'GO:0006954', 'MONDO:0006545']",10,100.0
DB00604_MESH_D005764_1,"['PUBCHEM.COMPOUND:6917698', 'NCBIGene:3360', 'NCBIGene:3359', 'NCBIGene:3356', 'GO:0014055', 'UBERON:0002439', 'UBERON:0001202', 'GO:0035482', 'GO:0035483', 'MONDO:0007186']",10,100.0
DB00443_MESH_D005128_1,"['PUBCHEM.COMPOUND:9782', 'NCBIGene:2908', 'NCBIGene:301', 'NCBIGene:5321', 'NCBIGene:5742', 'NCBIGene:5743', 'GO:0019370', 'GO:0001516', 'GO:0006954', 'MONDO:0005328']",10,100.0
DB01142_MESH_D001007_1,"['PUBCHEM.COMPOUND:3158', 'NCBIGene:6532', 'NCBIGene:6530', 'GO:0051610', 'PUBCHEM.COMPOUND:5202', 'GO:0051620', 'PUBCHEM.COMPOUND:439260', 'GO:0061533', 'GO:0060096', 'MONDO:0011918']",10,100.0
DB01142_MESH_D003866_1,"['PUBCHEM.COMPOUND:3158', 'NCBIGene:6532', 'NCBIGene:6530', 'GO:0051610', 'PUBCHEM.COMPOUND:5202', 'GO:0051620', 'PUBCHEM.COMPOUND:439260', 'GO:0061533', 'GO:0060096', 'MONDO:0002050']",10,100.0
DB00344_MESH_D003866_1,"['PUBCHEM.COMPOUND:4976', 'NCBIGene:6532', 'NCBIGene:6530', 'GO:0051610', 'PUBCHEM.COMPOUND:5202', 'GO:0051620', 'PUBCHEM.COMPOUND:439260', 'GO:0061533', 'GO:0060096', 'MONDO:0002050']",10,100.0
DB00596_MESH_D016410_1,"['PUBCHEM.COMPOUND:5311167', 'NCBIGene:2908', 'NCBIGene:301', 'NCBIGene:5321', 'NCBIGene:5743', 'PUBCHEM.COMPOUND:6145931', 'GO:0006954', 'HP:0000989', 'MONDO:0006547', 'MONDO:0000607']",10,100.0
DB04836_MESH_D003866_1,"['PUBCHEM.COMPOUND:34870', 'NCBIGene:6530', 'NCBIGene:6531', 'GO:0051620', 'GO:0051583', 'PUBCHEM.COMPOUND:439260', 'PUBCHEM.COMPOUND:681', 'GO:0061533', 'GO:0061527', 'MONDO:0002050']",10,100.0
DB01088_MESH_D000081029_1,"['PUBCHEM.COMPOUND:5311181', 'NCBIGene:5739', 'NCBIGene:5731', 'NCBIGene:5732', 'NCBIGene:5734', 'NCBIGene:11251', 'PUBCHEM.COMPOUND:5460341', 'GO:0044557', 'GO:0042311', 'MONDO:0015924']",10,100.0
DB09128_MESH_D003865_1,"['PUBCHEM.COMPOUND:11978813', 'NCBIGene:3350', 'NCBIGene:1813', 'NCBIGene:3356', 'PUBCHEM.COMPOUND:5202', 'PUBCHEM.COMPOUND:681', 'MONDO:0002050', 'GO:0060096', 'GO:0061527', 'MONDO:0002009']",10,100.0
DB00620_MESH_D009335_1,"['PUBCHEM.COMPOUND:21826', 'NCBIGene:2908', 'NCBIGene:301', 'NCBIGene:5321', 'NCBIGene:5742', 'NCBIGene:5743', 'GO:0019370', 'GO:0001516', 'GO:0006954', 'MONDO:0006583']",10,100.0
DB01020_MESH_D000787_1,"['PUBCHEM.COMPOUND:27661', 'PUBCHEM.COMPOUND:145068', 'MESH:D006162', 'GO:0051208', 'GO:0042311', 'PUBCHEM.COMPOUND:135398570', 'GO:0006470', 'UMLS:C0027108', 'GO:0060087', 'HP:0001681']",10,100.0
DB09128_MESH_D012559_1,"['PUBCHEM.COMPOUND:11978813', 'NCBIGene:3350', 'NCBIGene:1813', 'NCBIGene:3356', 'PUBCHEM.COMPOUND:5202', 'PUBCHEM.COMPOUND:681', 'MONDO:0002050', 'GO:0060096', 'GO:0061527', 'MONDO:0005090']",10,100.0
DB02546_MESH_D016410_1,"['PUBCHEM.COMPOUND:5311', 'NCBIGene:3065', 'NCBIGene:3066', 'NCBIGene:8841', 'NCBIGene:10013', 'GO:0070577', 'HP:0031377', 'GO:0071158', 'GO:0006915', 'MONDO:0000607']",10,100.0
DB11656_MESH_D010437_1,"['PUBCHEM.COMPOUND:5042', 'GO:0019371', 'NCBIGene:7124', 'GO:0070254', 'GO:0008283', 'GO:0001696', 'GO:0006954', 'PUBCHEM.COMPOUND:6145931', 'CHEBI:26519', 'MONDO:0004247']",10,100.0
DB11656_MESH_D005756_1,"['PUBCHEM.COMPOUND:5042', 'GO:0019371', 'NCBIGene:7124', 'GO:0070254', 'GO:0008283', 'GO:0001696', 'GO:0006954', 'PUBCHEM.COMPOUND:6145931', 'CHEBI:26519', 'MONDO:0004966']",10,100.0
DB04818_MESH_D003866_1,"['PUBCHEM.COMPOUND:3748', 'NCBIGene:4128', 'NCBIGene:4129', 'PUBCHEM.COMPOUND:52789', 'GO:0042429', 'GO:0042420', 'PUBCHEM.COMPOUND:5202', 'PUBCHEM.COMPOUND:681', 'MONDO:0002050', 'MONDO:0002050']",10,100.0
DB00844_MESH_D010146_1,"['PUBCHEM.COMPOUND:5311304', 'NCBIGene:4986', 'REACT:R-HSA-111885', 'GO:0060081', 'NCBIGene:3767', 'GO:1990793', 'GO:0061535', 'GO:0099610', 'CL:0000198', 'HP:0012531']",10,100.0
DB00844_MESH_D048949_1,"['PUBCHEM.COMPOUND:5311304', 'NCBIGene:4986', 'REACT:R-HSA-111885', 'GO:0060081', 'NCBIGene:3767', 'GO:1990793', 'GO:0061535', 'GO:0099610', 'CL:0000198', 'NCIT:C92821']",10,100.0
DB00741_MESH_D000152_1,"['PUBCHEM.COMPOUND:5754', 'NCBIGene:2908', 'NCBIGene:301', 'NCBIGene:5321', 'NCBIGene:5742', 'NCBIGene:5743', 'GO:0019370', 'GO:0001516', 'GO:0006954', 'MONDO:0011438']",10,100.0
DB01380_MESH_D000152_1,"['PUBCHEM.COMPOUND:222786', 'NCBIGene:2908', 'NCBIGene:301', 'NCBIGene:5321', 'NCBIGene:5742', 'NCBIGene:5743', 'GO:0019370', 'GO:0001516', 'GO:0006954', 'MONDO:0011438']",10,100.0
DB00860_MESH_D012507_2,"['PUBCHEM.COMPOUND:5755', 'NCBIGene:2908', 'NCBIGene:301', 'NCBIGene:5321', 'NCBIGene:5742', 'NCBIGene:5743', 'GO:0019370', 'GO:0001516', 'GO:0006954', 'MONDO:0019338']",10,100.0
DB06255_MESH_C562390_1,"['MESH:C071542', 'NCBIGene:2224', 'CHEBI:52255', 'CL:0000092', 'GO:0045453', 'GO:0008299', 'GO:0006915', 'GO:0001503', 'GO:1990523', 'MONDO:0043455']",10,100.0
DB00860_MESH_D012859_1,"['PUBCHEM.COMPOUND:5755', 'NCBIGene:2908', 'NCBIGene:301', 'NCBIGene:5321', 'NCBIGene:5742', 'NCBIGene:5743', 'GO:0019370', 'GO:0001516', 'GO:0006954', 'MONDO:0010030']",10,100.0
DB00153_MESH_D010024_1,"['CHEMBL.COMPOUND:CHEMBL4850142', 'PUBCHEM.COMPOUND:5280793', 'PUBCHEM.COMPOUND:9547243', 'NCBIGene:7421', 'GO:0070561', 'GO:0045453', 'GO:0035898', 'CL:0000092', 'GO:0070509', 'HP:0002901', 'MONDO:0005298']",10,100.0
DB00153_MESH_D015663_1,"['CHEMBL.COMPOUND:CHEMBL4850142', 'PUBCHEM.COMPOUND:5280793', 'PUBCHEM.COMPOUND:9547243', 'NCBIGene:7421', 'GO:0070561', 'GO:0045453', 'GO:0035898', 'CL:0000092', 'GO:0070509', 'HP:0002901', 'MONDO:0008159']",10,100.0
DB00517_MESH_D013276_1,"['PUBCHEM.COMPOUND:21867154', 'NCBIGene:1128', 'NCBIGene:1129', 'NCBIGene:1131', 'GO:0095500', 'PUBCHEM.COMPOUND:187', 'GO:0001696', 'MONDO:0004247', 'UBERON:0000945', 'MONDO:0001126']",10,100.0
DB00937_MESH_D009765_1,"['PUBCHEM.COMPOUND:7029', 'NCBIGene:6530', 'NCBIGene:6531', 'GO:0051620', 'GO:0090494', 'PUBCHEM.COMPOUND:439260', 'PUBCHEM.COMPOUND:681', 'PUBCHEM.COMPOUND:16132350', 'HP:0002591', 'MONDO:0011122']",10,100.0
DB00620_MESH_D004892_1,"['PUBCHEM.COMPOUND:6216', 'NCBIGene:2908', 'NCBIGene:301', 'NCBIGene:5321', 'NCBIGene:5742', 'NCBIGene:5743', 'GO:0019370', 'GO:0001516', 'GO:0006954', 'MONDO:0006545']",10,100.0
